-1.396263401595463582e+00 0.000000000000000000e+00 0.000000000000000000e+00 0.000000000000000000e+00 0.000000000000000000e+00
-1.396263401595463582e+00 0.000000000000000000e+00 0.000000000000000000e+00 0.000000000000000000e+00 0.000000000000000000e+00
-1.392846574135515603e+00 -9.671676354082286639e-03 6.868745371792149036e-03 -1.393649141411743529e-02 5.161874003402746290e-03
-1.389429746675567845e+00 -1.934335270816457328e-02 1.373749074358429807e-02 -2.787298282823487058e-02 1.032374800680549258e-02
-1.386012919215619865e+00 -2.901502906224685818e-02 2.060623611537644798e-02 -4.180947424235230414e-02 1.548562201020823800e-02
-1.382596091755671885e+00 -3.868670541632914656e-02 2.747498148716859614e-02 -5.574596565646974117e-02 2.064749601361098516e-02
-1.379179264295723906e+00 -4.835838177041143493e-02 3.434372685896074778e-02 -6.968245707058717819e-02 2.580937001701373232e-02
-1.375762436835776148e+00 -5.803005812449371636e-02 4.121247223075289595e-02 -8.361894848470460828e-02 3.097124402041647601e-02
-1.372345609375828168e+00 -6.770173447857601168e-02 4.808121760254504412e-02 -9.755543989882205225e-02 3.613311802381922316e-02
-1.368928781915880188e+00 -7.737341083265829311e-02 5.494996297433719229e-02 -1.114919313129394823e-01 4.129499202722197032e-02
-1.365511954455932431e+00 -8.704508718674057455e-02 6.181870834612934046e-02 -1.254284227270569263e-01 4.645686603062471748e-02
-1.362095126995984451e+00 -9.671676354082286986e-02 6.868745371792149557e-02 -1.393649141411743564e-01 5.161874003402746464e-02
-1.358678299536036471e+00 -1.063884398949051513e-01 7.555619908971364374e-02 -1.533014055552917865e-01 5.678061403743021179e-02
-1.355261472076088491e+00 -1.160601162489874327e-01 8.242494446150579190e-02 -1.672378969694092166e-01 6.194248804083295201e-02
-1.351844644616140734e+00 -1.257317926030697142e-01 8.929368983329794007e-02 -1.811743883835266467e-01 6.710436204423569917e-02
-1.348427817156192754e+00 -1.354034689571520234e-01 9.616243520509008824e-02 -1.951108797976441045e-01 7.226623604763844633e-02
-1.345010989696244774e+00 -1.450751453112343048e-01 1.030311805768822364e-01 -2.090473712117615346e-01 7.742811005104119348e-02
-1.341594162236296794e+00 -1.547468216653165862e-01 1.098999259486743846e-01 -2.229838626258789647e-01 8.258998405444394064e-02
-1.338177334776349037e+00 -1.644184980193988677e-01 1.167686713204665327e-01 -2.369203540399963948e-01 8.775185805784668780e-02
-1.334760507316401057e+00 -1.740901743734811491e-01 1.236374166922586809e-01 -2.508568454541138526e-01 9.291373206124943496e-02
-1.331343679856453077e+00 -1.837618507275634583e-01 1.305061620640508291e-01 -2.647933368682312549e-01 9.807560606465218211e-02
-1.327926852396505319e+00 -1.934335270816457397e-01 1.373749074358429911e-01 -2.787298282823487128e-01 1.032374800680549293e-01
-1.324510024936557340e+00 -2.031052034357280212e-01 1.442436528076351254e-01 -2.926663196964661151e-01 1.083993540714576764e-01
-1.321093197476609360e+00 -2.127768797898103026e-01 1.511123981794272875e-01 -3.066028111105835730e-01 1.135612280748604236e-01
-1.317676370016661380e+00 -2.224485561438925840e-01 1.579811435512194218e-01 -3.205393025247010308e-01 1.187231020782631707e-01
-1.314259542556713622e+00 -2.321202324979748655e-01 1.648498889230115838e-01 -3.344757939388184331e-01 1.238849760816659040e-01
-1.310842715096765643e+00 -2.417919088520571747e-01 1.717186342948037181e-01 -3.484122853529358910e-01 1.290468500850686651e-01
-1.307425887636817663e+00 -2.514635852061394283e-01 1.785873796665958801e-01 -3.623487767670532933e-01 1.342087240884713983e-01
-1.304009060176869905e+00 -2.611352615602217653e-01 1.854561250383880144e-01 -3.762852681811707511e-01 1.393705980918741594e-01
-1.300592232716921925e+00 -2.708069379143040467e-01 1.923248704101801765e-01 -3.902217595952882090e-01 1.445324720952768927e-01
-1.297175405256973946e+00 -2.804786142683863281e-01 1.991936157819723108e-01 -4.041582510094056113e-01 1.496943460986796537e-01
-1.293758577797025966e+00 -2.901502906224686096e-01 2.060623611537644728e-01 -4.180947424235230692e-01 1.548562201020823870e-01
-1.290341750337078208e+00 -2.998219669765508910e-01 2.129311065255566071e-01 -4.320312338376404715e-01 1.600180941054851480e-01
-1.286924922877130228e+00 -3.094936433306331725e-01 2.197998518973487692e-01 -4.459677252517579293e-01 1.651799681088878813e-01
-1.283508095417182249e+00 -3.191653196847154539e-01 2.266685972691409312e-01 -4.599042166658753872e-01 1.703418421122906146e-01
-1.280091267957234269e+00 -3.288369960387977353e-01 2.335373426409330655e-01 -4.738407080799927895e-01 1.755037161156933756e-01
-1.276674440497286511e+00 -3.385086723928800168e-01 2.404060880127252275e-01 -4.877771994941102474e-01 1.806655901190961089e-01
-1.273257613037338531e+00 -3.481803487469622982e-01 2.472748333845173618e-01 -5.017136909082277052e-01 1.858274641224988699e-01
-1.269840785577390552e+00 -3.578520251010445796e-01 2.541435787563094961e-01 -5.156501823223450520e-01 1.909893381259016032e-01
-1.266423958117442794e+00 -3.675237014551269166e-01 2.610123241281016582e-01 -5.295866737364625099e-01 1.961512121293043642e-01
-1.263007130657494814e+00 -3.771953778092091980e-01 2.678810694998938202e-01 -5.435231651505799677e-01 2.013130861327070975e-01
-1.259590303197546834e+00 -3.868670541632914794e-01 2.747498148716859823e-01 -5.574596565646974256e-01 2.064749601361098585e-01
-1.256173475737599077e+00 -3.965387305173737609e-01 2.816185602434780888e-01 -5.713961479788148834e-01 2.116368341395125918e-01
-1.252756648277651097e+00 -4.062104068714560423e-01 2.884873056152702508e-01 -5.853326393929322302e-01 2.167987081429153529e-01
-1.249339820817703117e+00 -4.158820832255383237e-01 2.953560509870624129e-01 -5.992691308070496881e-01 2.219605821463180861e-01
-1.245922993357755137e+00 -4.255537595796206052e-01 3.022247963588545749e-01 -6.132056222211671459e-01 2.271224561497208472e-01
-1.242506165897807380e+00 -4.352254359337028866e-01 3.090935417306466815e-01 -6.271421136352846037e-01 2.322843301531235805e-01
-1.239089338437859400e+00 -4.448971122877851680e-01 3.159622871024388435e-01 -6.410786050494020616e-01 2.374462041565263415e-01
-1.235672510977911420e+00 -4.545687886418674495e-01 3.228310324742310056e-01 -6.550150964635194084e-01 2.426080781599290748e-01
-1.232255683517963440e+00 -4.642404649959497309e-01 3.296997778460231676e-01 -6.689515878776368663e-01 2.477699521633318080e-01
-1.228838856058015683e+00 -4.739121413500320679e-01 3.365685232178153297e-01 -6.828880792917543241e-01 2.529318261667345413e-01
-1.225422028598067703e+00 -4.835838177041142938e-01 3.434372685896074362e-01 -6.968245707058717819e-01 2.580937001701373301e-01
-1.225422028598067703e+00 -4.835838177041142938e-01 3.434372685896074362e-01 -6.968245707058717819e-01 2.580937001701373301e-01
-1.220015978698491654e+00 -4.975223450882513831e-01 3.463402393991288353e-01 -6.897670720925171972e-01 2.685546821991160460e-01
-1.214609928798915384e+00 -5.114608724723884725e-01 3.492432102086501788e-01 -6.827095734791627235e-01 2.790156642280947619e-01
-1.209203878899339335e+00 -5.253993998565255064e-01 3.521461810181715779e-01 -6.756520748658081388e-01 2.894766462570734777e-01
-1.203797828999763286e+00 -5.393379272406625402e-01 3.550491518276929215e-01 -6.685945762524535541e-01 2.999376282860521936e-01
-1.198391779100187238e+00 -5.532764546247996851e-01 3.579521226372143206e-01 -6.615370776390990804e-01 3.103986103150309095e-01
-1.192985729200610967e+00 -5.672149820089367189e-01 3.608550934467356641e-01 -6.544795790257444956e-01 3.208595923440096254e-01
-1.187579679301034918e+00 -5.811535093930737528e-01 3.637580642562570632e-01 -6.474220804123899109e-01 3.313205743729883412e-01
-1.182173629401458870e+00 -5.950920367772107866e-01 3.666610350657784068e-01 -6.403645817990354372e-01 3.417815564019670571e-01
-1.176767579501882821e+00 -6.090305641613479315e-01 3.695640058752998058e-01 -6.333070831856808525e-01 3.522425384309457730e-01
-1.171361529602306550e+00 -6.229690915454849653e-01 3.724669766848211494e-01 -6.262495845723262677e-01 3.627035204599244889e-01
-1.165955479702730502e+00 -6.369076189296221102e-01 3.753699474943425485e-01 -6.191920859589716830e-01 3.731645024889032047e-01
-1.160549429803154453e+00 -6.508461463137591441e-01 3.782729183038638920e-01 -6.121345873456172093e-01 3.836254845178819206e-01
-1.155143379903578404e+00 -6.647846736978961779e-01 3.811758891133852911e-01 -6.050770887322626246e-01 3.940864665468606365e-01
-1.149737330004002134e+00 -6.787232010820332118e-01 3.840788599229066347e-01 -5.980195901189080399e-01 4.045474485758393524e-01
-1.144331280104426085e+00 -6.926617284661703566e-01 3.869818307324280338e-01 -5.909620915055535662e-01 4.150084306048180682e-01
-1.138925230204850036e+00 -7.066002558503073905e-01 3.898848015419493773e-01 -5.839045928921989814e-01 4.254694126337967841e-01
-1.133519180305273988e+00 -7.205387832344444243e-01 3.927877723514707764e-01 -5.768470942788443967e-01 4.359303946627755000e-01
-1.128113130405697717e+00 -7.344773106185815692e-01 3.956907431609921200e-01 -5.697895956654899230e-01 4.463913766917542159e-01
-1.122707080506121669e+00 -7.484158380027186031e-01 3.985937139705135190e-01 -5.627320970521353383e-01 4.568523587207329317e-01
-1.117301030606545620e+00 -7.623543653868556369e-01 4.014966847800348626e-01 -5.556745984387807535e-01 4.673133407497116476e-01
-1.111894980706969349e+00 -7.762928927709926707e-01 4.043996555895562617e-01 -5.486170998254262798e-01 4.777743227786903635e-01
-1.106488930807393301e+00 -7.902314201551298156e-01 4.073026263990776608e-01 -5.415596012120716951e-01 4.882353048076690794e-01
-1.101082880907817252e+00 -8.041699475392668495e-01 4.102055972085990043e-01 -5.345021025987171104e-01 4.986962868366477952e-01
-1.095676831008241203e+00 -8.181084749234039943e-01 4.131085680181203479e-01 -5.274446039853626367e-01 5.091572688656265111e-01
-1.090270781108665155e+00 -8.320470023075410282e-01 4.160115388276417470e-01 -5.203871053720080520e-01 5.196182508946052270e-01
-1.084864731209088884e+00 -8.459855296916780620e-01 4.189145096371631460e-01 -5.133296067586534672e-01 5.300792329235839428e-01
-1.079458681309512835e+00 -8.599240570758150959e-01 4.218174804466844896e-01 -5.062721081452989935e-01 5.405402149525626587e-01
-1.074052631409936787e+00 -8.738625844599522408e-01 4.247204512562058887e-01 -4.992146095319444088e-01 5.510011969815413746e-01
-1.068646581510360516e+00 -8.878011118440892746e-01 4.276234220657272322e-01 -4.921571109185898241e-01 5.614621790105200905e-01
-1.063240531610784467e+00 -9.017396392282264195e-01 4.305263928752486313e-01 -4.850996123052352949e-01 5.719231610394988063e-01
-1.057834481711208419e+00 -9.156781666123634533e-01 4.334293636847699749e-01 -4.780421136918807656e-01 5.823841430684775222e-01
-1.052428431811632370e+00 -9.296166939965004872e-01 4.363323344942913740e-01 -4.709846150785261809e-01 5.928451250974562381e-01
-1.047022381912056099e+00 -9.435552213806375210e-01 4.392353053038127175e-01 -4.639271164651716517e-01 6.033061071264349540e-01
-1.041616332012480051e+00 -9.574937487647745549e-01 4.421382761133341166e-01 -4.568696178518171225e-01 6.137670891554136698e-01
-1.036210282112904002e+00 -9.714322761489116997e-01 4.450412469228554602e-01 -4.498121192384625378e-01 6.242280711843923857e-01
-1.030804232213327953e+00 -9.853708035330487336e-01 4.479442177323768592e-01 -4.427546206251080085e-01 6.346890532133711016e-01
-1.025398182313751683e+00 -9.993093309171858785e-01 4.508471885418982028e-01 -4.356971220117534793e-01 6.451500352423498175e-01
-1.019992132414175634e+00 -1.013247858301322912e+00 4.537501593514196019e-01 -4.286396233983988946e-01 6.556110172713285333e-01
-1.014586082514599585e+00 -1.027186385685459946e+00 4.566531301609410010e-01 -4.215821247850443654e-01 6.660719993003072492e-01
-1.009180032615023315e+00 -1.041124913069596980e+00 4.595561009704623445e-01 -4.145246261716898362e-01 6.765329813292859651e-01
-1.003773982715447266e+00 -1.055063440453734014e+00 4.624590717799836881e-01 -4.074671275583352514e-01 6.869939633582646810e-01
-9.983679328158712174e-01 -1.069001967837871270e+00 4.653620425895050872e-01 -4.004096289449807222e-01 6.974549453872433968e-01
-9.929618829162951688e-01 -1.082940495222008082e+00 4.682650133990264862e-01 -3.933521303316261930e-01 7.079159274162221127e-01
-9.875558330167190091e-01 -1.096879022606145337e+00 4.711679842085478298e-01 -3.862946317182716083e-01 7.183769094452008286e-01
-9.821497831171428494e-01 -1.110817549990282371e+00 4.740709550180691734e-01 -3.792371331049170791e-01 7.288378914741795445e-01
-9.767437332175668008e-01 -1.124756077374419405e+00 4.769739258275905724e-01 -3.721796344915624943e-01 7.392988735031582603e-01
-9.713376833179907521e-01 -1.138694604758556661e+00 4.798768966371119715e-01 -3.651221358782079651e-01 7.497598555321369762e-01
-9.659316334184145925e-01 -1.152633132142693473e+00 4.827798674466333151e-01 -3.580646372648534359e-01 7.602208375611156921e-01
-9.605255835188384328e-01 -1.166571659526830729e+00 4.856828382561546587e-01 -3.510071386514988512e-01 7.706818195900944080e-01
-9.551195336192623841e-01 -1.180510186910967763e+00 4.885858090656760577e-01 -3.439496400381443220e-01 7.811428016190731238e-01
-9.551195336192623841e-01 -1.180510186910967763e+00 4.885858090656760577e-01 -3.439496400381443220e-01 7.811428016190731238e-01
-9.534684047609481850e-01 -1.184980954072908599e+00 4.974441407522834369e-01 -3.368377565259823569e-01 7.788262391667513107e-01
-9.518172759026339858e-01 -1.189451721234849657e+00 5.063024724388908160e-01 -3.297258730138204474e-01 7.765096767144294976e-01
-9.501661470443198976e-01 -1.193922488396790493e+00 5.151608041254981396e-01 -3.226139895016584824e-01 7.741931142621076845e-01
-9.485150181860056984e-01 -1.198393255558731552e+00 5.240191358121055742e-01 -3.155021059894965729e-01 7.718765518097858713e-01
-9.468638893276914992e-01 -1.202864022720672388e+00 5.328774674987128979e-01 -3.083902224773346079e-01 7.695599893574640582e-01
-9.452127604693773000e-01 -1.207334789882613446e+00 5.417357991853202215e-01 -3.012783389651726429e-01 7.672434269051422451e-01
-9.435616316110632118e-01 -1.211805557044554282e+00 5.505941308719276561e-01 -2.941664554530107334e-01 7.649268644528203209e-01
-9.419105027527490126e-01 -1.216276324206495341e+00 5.594524625585349797e-01 -2.870545719408487684e-01 7.626103020004985078e-01
-9.402593738944348134e-01 -1.220747091368436177e+00 5.683107942451424144e-01 -2.799426884286868589e-01 7.602937395481766947e-01
-9.386082450361206142e-01 -1.225217858530377235e+00 5.771691259317497380e-01 -2.728308049165248939e-01 7.579771770958548815e-01
-9.369571161778065260e-01 -1.229688625692318071e+00 5.860274576183570616e-01 -2.657189214043629288e-01 7.556606146435330684e-01
-9.353059873194923268e-01 -1.234159392854259130e+00 5.948857893049644963e-01 -2.586070378922010193e-01 7.533440521912112553e-01
-9.336548584611781276e-01 -1.238630160016199966e+00 6.037441209915718199e-01 -2.514951543800390543e-01 7.510274897388894422e-01
-9.320037296028639284e-01 -1.243100927178141024e+00 6.126024526781792545e-01 -2.443832708678771448e-01 7.487109272865676290e-01
-9.303526007445498403e-01 -1.247571694340081860e+00 6.214607843647865781e-01 -2.372713873557151798e-01 7.463943648342458159e-01
-9.287014718862356411e-01 -1.252042461502022919e+00 6.303191160513939018e-01 -2.301595038435532425e-01 7.440778023819240028e-01
-9.270503430279214419e-01 -1.256513228663963755e+00 6.391774477380013364e-01 -2.230476203313913053e-01 7.417612399296021897e-01
-9.253992141696072427e-01 -1.260983995825904813e+00 6.480357794246086600e-01 -2.159357368192293680e-01 7.394446774772803765e-01
-9.237480853112931545e-01 -1.265454762987845649e+00 6.568941111112160947e-01 -2.088238533070674030e-01 7.371281150249584524e-01
-9.220969564529789553e-01 -1.269925530149786708e+00 6.657524427978234183e-01 -2.017119697949054657e-01 7.348115525726366393e-01
-9.204458275946647561e-01 -1.274396297311727544e+00 6.746107744844307419e-01 -1.946000862827435285e-01 7.324949901203148261e-01
-9.187946987363505569e-01 -1.278867064473668602e+00 6.834691061710381765e-01 -1.874882027705815912e-01 7.301784276679930130e-01
-9.171435698780363577e-01 -1.283337831635609438e+00 6.923274378576455002e-01 -1.803763192584196540e-01 7.278618652156711999e-01
-9.154924410197222695e-01 -1.287808598797550275e+00 7.011857695442529348e-01 -1.732644357462577167e-01 7.255453027633493868e-01
-9.138413121614080703e-01 -1.292279365959491333e+00 7.100441012308602584e-01 -1.661525522340957517e-01 7.232287403110275736e-01
-9.121901833030938711e-01 -1.296750133121432391e+00 7.189024329174675820e-01 -1.590406687219338144e-01 7.209121778587057605e-01
-9.105390544447797829e-01 -1.301220900283373227e+00 7.277607646040750167e-01 -1.519287852097718772e-01 7.185956154063839474e-01
-9.088879255864655837e-01 -1.305691667445314064e+00 7.366190962906824513e-01 -1.448169016976099399e-01 7.162790529540621343e-01
-9.072367967281513845e-01 -1.310162434607255122e+00 7.454774279772897749e-01 -1.377050181854480027e-01 7.139624905017403211e-01
-9.055856678698371853e-01 -1.314633201769195958e+00 7.543357596638970985e-01 -1.305931346732860376e-01 7.116459280494185080e-01
-9.039345390115229861e-01 -1.319103968931137016e+00 7.631940913505044222e-01 -1.234812511611241004e-01 7.093293655970966949e-01
-9.022834101532088980e-01 -1.323574736093077853e+00 7.720524230371118568e-01 -1.163693676489621631e-01 7.070128031447748818e-01
-9.006322812948946988e-01 -1.328045503255018911e+00 7.809107547237192914e-01 -1.092574841368002259e-01 7.046962406924529576e-01
-8.989811524365804996e-01 -1.332516270416959747e+00 7.897690864103266151e-01 -1.021456006246382886e-01 7.023796782401311445e-01
-8.973300235782663004e-01 -1.336987037578900805e+00 7.986274180969339387e-01 -9.503371711247632359e-02 7.000631157878093314e-01
-8.956788947199522122e-01 -1.341457804740841642e+00 8.074857497835412623e-01 -8.792183360031441408e-02 6.977465533354875182e-01
-8.940277658616380130e-01 -1.345928571902782700e+00 8.163440814701486969e-01 -8.080995008815244907e-02 6.954299908831657051e-01
-8.923766370033238138e-01 -1.350399339064723536e+00 8.252024131567561316e-01 -7.369806657599048405e-02 6.931134284308438920e-01
-8.907255081450096146e-01 -1.354870106226664594e+00 8.340607448433634552e-01 -6.658618306382857455e-02 6.907968659785220789e-01
-8.890743792866955264e-01 -1.359340873388605431e+00 8.429190765299707788e-01 -5.947429955166660953e-02 6.884803035262002657e-01
-8.874232504283813272e-01 -1.363811640550546489e+00 8.517774082165781024e-01 -5.236241603950470003e-02 6.861637410738784526e-01
-8.857721215700671280e-01 -1.368282407712487325e+00 8.606357399031855371e-01 -4.525053252734273501e-02 6.838471786215566395e-01
-8.841209927117529288e-01 -1.372753174874428383e+00 8.694940715897929717e-01 -3.813864901518077000e-02 6.815306161692348264e-01
-8.824698638534388406e-01 -1.377223942036369220e+00 8.783524032764002953e-01 -3.102676550301886049e-02 6.792140537169129022e-01
-8.808187349951246414e-01 -1.381694709198310278e+00 8.872107349630076190e-01 -2.391488199085689548e-02 6.768974912645910891e-01
-8.791676061368104422e-01 -1.386165476360251114e+00 8.960690666496149426e-01 -1.680299847869498597e-02 6.745809288122692760e-01
-8.775164772784962430e-01 -1.390636243522192173e+00 9.049273983362223772e-01 -9.691114966533020958e-03 6.722643663599474628e-01
-8.758653484201821549e-01 -1.395107010684133009e+00 9.137857300228298119e-01 -2.579231454371111454e-03 6.699478039076256497e-01
-8.742142195618679557e-01 -1.399577777846074067e+00 9.226440617094371355e-01 4.532652057790853561e-03 6.676312414553038366e-01
-8.725630907035537565e-01 -1.404048545008014903e+00 9.315023933960444591e-01 1.164453556995281858e-02 6.653146790029820234e-01
-8.725630907035537565e-01 -1.404048545008014903e+00 9.315023933960444591e-01 1.164453556995281858e-02 6.653146790029820234e-01
-8.539655999637009165e-01 -1.404458877937995176e+00 9.388400584776437352e-01 1.591607481315034101e-02 6.624524109699895247e-01
-8.353681092238480765e-01 -1.404869210867975671e+00 9.461777235592429003e-01 2.018761405634786690e-02 6.595901429369971369e-01
-8.167706184839953476e-01 -1.405279543797955943e+00 9.535153886408421764e-01 2.445915329954539280e-02 6.567278749040046382e-01
-7.981731277441425076e-01 -1.405689876727936216e+00 9.608530537224413415e-01 2.873069254274291523e-02 6.538656068710121394e-01
-7.795756370042896677e-01 -1.406100209657916711e+00 9.681907188040406176e-01 3.300223178594043766e-02 6.510033388380197517e-01
-7.609781462644368277e-01 -1.406510542587896984e+00 9.755283838856398937e-01 3.727377102913796703e-02 6.481410708050272529e-01
-7.423806555245839878e-01 -1.406920875517877256e+00 9.828660489672390588e-01 4.154531027233548945e-02 6.452788027720348651e-01
-7.237831647847312588e-01 -1.407331208447857751e+00 9.902037140488383349e-01 4.581684951553301188e-02 6.424165347390423664e-01
-7.051856740448784189e-01 -1.407741541377838024e+00 9.975413791304375000e-01 5.008838875873053431e-02 6.395542667060498676e-01
-6.865881833050255789e-01 -1.408151874307818296e+00 1.004879044212036776e+00 5.435992800192805674e-02 6.366919986730574799e-01
-6.679906925651727390e-01 -1.408562207237798791e+00 1.012216709293636052e+00 5.863146724512558611e-02 6.338297306400649811e-01
-6.493932018253198990e-01 -1.408972540167779064e+00 1.019554374375235328e+00 6.290300648832311547e-02 6.309674626070724823e-01
-6.307957110854671701e-01 -1.409382873097759337e+00 1.026892039456834382e+00 6.717454573152062403e-02 6.281051945740800946e-01
-6.121982203456142191e-01 -1.409793206027739609e+00 1.034229704538433658e+00 7.144608497471816033e-02 6.252429265410875958e-01
-5.936007296057614901e-01 -1.410203538957720104e+00 1.041567369620032935e+00 7.571762421791568276e-02 6.223806585080950970e-01
-5.750032388659086502e-01 -1.410613871887700377e+00 1.048905034701632211e+00 7.998916346111320519e-02 6.195183904751027093e-01
-5.564057481260558102e-01 -1.411024204817680650e+00 1.056242699783231487e+00 8.426070270431072762e-02 6.166561224421102105e-01
-5.378082573862030813e-01 -1.411434537747661144e+00 1.063580364864830541e+00 8.853224194750825005e-02 6.137938544091177118e-01
-5.192107666463501303e-01 -1.411844870677641417e+00 1.070918029946429817e+00 9.280378119070577247e-02 6.109315863761253240e-01
-5.006132759064974014e-01 -1.412255203607621690e+00 1.078255695028029093e+00 9.707532043390329490e-02 6.080693183431328253e-01
-4.820157851666445614e-01 -1.412665536537602184e+00 1.085593360109628369e+00 1.013468596771008312e-01 6.052070503101404375e-01
-4.634182944267917215e-01 -1.413075869467582457e+00 1.092931025191227645e+00 1.056183989202983536e-01 6.023447822771479387e-01
-4.448208036869389370e-01 -1.413486202397562730e+00 1.100268690272826699e+00 1.098899381634958761e-01 5.994825142441554400e-01
-4.262233129470860971e-01 -1.413896535327543225e+00 1.107606355354425975e+00 1.141614774066933985e-01 5.966202462111630522e-01
-4.076258222072332571e-01 -1.414306868257523497e+00 1.114944020436025252e+00 1.184330166498909209e-01 5.937579781781705535e-01
-3.890283314673804727e-01 -1.414717201187503770e+00 1.122281685517624528e+00 1.227045558930884434e-01 5.908957101451780547e-01
-3.704308407275276327e-01 -1.415127534117484265e+00 1.129619350599223804e+00 1.269760951362859658e-01 5.880334421121856670e-01
-3.518333499876747927e-01 -1.415537867047464538e+00 1.136957015680822858e+00 1.312476343794835021e-01 5.851711740791931682e-01
-3.332358592478219528e-01 -1.415948199977444810e+00 1.144294680762422134e+00 1.355191736226810106e-01 5.823089060462006694e-01
-3.146383685079692238e-01 -1.416358532907425305e+00 1.151632345844021410e+00 1.397907128658785469e-01 5.794466380132082817e-01
-2.960408777681163839e-01 -1.416768865837405578e+00 1.158970010925620686e+00 1.440622521090760555e-01 5.765843699802157829e-01
-2.774433870282635439e-01 -1.417179198767385850e+00 1.166307676007219962e+00 1.483337913522735918e-01 5.737221019472233952e-01
-2.588458962884107040e-01 -1.417589531697366345e+00 1.173645341088819016e+00 1.526053305954711281e-01 5.708598339142308964e-01
-2.402484055485578640e-01 -1.417999864627346618e+00 1.180983006170418292e+00 1.568768698386686367e-01 5.679975658812383976e-01
-2.216509148087051351e-01 -1.418410197557326891e+00 1.188320671252017569e+00 1.611484090818661730e-01 5.651352978482460099e-01
-2.030534240688522951e-01 -1.418820530487307385e+00 1.195658336333616845e+00 1.654199483250636815e-01 5.622730298152535111e-01
-1.844559333289994552e-01 -1.419230863417287658e+00 1.202996001415216121e+00 1.696914875682612178e-01 5.594107617822610123e-01
-1.658584425891466152e-01 -1.419641196347267931e+00 1.210333666496815397e+00 1.739630268114587264e-01 5.565484937492686246e-01
-1.472609518492937752e-01 -1.420051529277248203e+00 1.217671331578414451e+00 1.782345660546562627e-01 5.536862257162761258e-01
-1.286634611094410463e-01 -1.420461862207228698e+00 1.225008996660013727e+00 1.825061052978537712e-01 5.508239576832836271e-01
-1.100659703695882063e-01 -1.420872195137208971e+00 1.232346661741613003e+00 1.867776445410513075e-01 5.479616896502912393e-01
-9.146847962973536639e-02 -1.421282528067189244e+00 1.239684326823212279e+00 1.910491837842488438e-01 5.450994216172987405e-01
-7.287098888988252643e-02 -1.421692860997169738e+00 1.247021991904811333e+00 1.953207230274463524e-01 5.422371535843062418e-01
-5.427349815002968647e-02 -1.422103193927150011e+00 1.254359656986410609e+00 1.995922622706438887e-01 5.393748855513138540e-01
-3.567600741017684651e-02 -1.422513526857130284e+00 1.261697322068009885e+00 2.038638015138413973e-01 5.365126175183213553e-01
-1.707851667032411758e-02 -1.422923859787110779e+00 1.269034987149609162e+00 2.081353407570389336e-01 5.336503494853288565e-01
1.518974069528722382e-03 -1.423334192717091051e+00 1.276372652231208438e+00 2.124068800002364421e-01 5.307880814523364688e-01
2.011646480938156234e-02 -1.423744525647071324e+00 1.283710317312807714e+00 2.166784192434339784e-01 5.279258134193439700e-01
3.871395554923440230e-02 -1.424154858577051819e+00 1.291047982394406768e+00 2.209499584866315147e-01 5.250635453863514712e-01
5.731144628908713123e-02 -1.424565191507032091e+00 1.298385647476006044e+00 2.252214977298290233e-01 5.222012773533590835e-01
5.731144628908713123e-02 -1.424565191507032091e+00 1.298385647476006044e+00 2.252214977298290233e-01 5.222012773533590835e-01
6.553646202058092951e-02 -1.409681627475859678e+00 1.298869367419957177e+00 2.163804689080035815e-01 5.242511241764549190e-01
7.376147775207474167e-02 -1.394798063444687042e+00 1.299353087363908310e+00 2.075394400861781397e-01 5.263009709995506435e-01
8.198649348356853994e-02 -1.379914499413514628e+00 1.299836807307859665e+00 1.986984112643526978e-01 5.283508178226464791e-01
9.021150921506235210e-02 -1.365030935382342214e+00 1.300320527251810798e+00 1.898573824425272560e-01 5.304006646457422036e-01
9.843652494655615037e-02 -1.350147371351169578e+00 1.300804247195761931e+00 1.810163536207018142e-01 5.324505114688380392e-01
1.066615406780499486e-01 -1.335263807319997165e+00 1.301287967139713064e+00 1.721753247988763724e-01 5.345003582919337637e-01
1.148865564095437608e-01 -1.320380243288824751e+00 1.301771687083664419e+00 1.633342959770509029e-01 5.365502051150295992e-01
1.231115721410375591e-01 -1.305496679257652337e+00 1.302255407027615552e+00 1.544932671552254888e-01 5.386000519381253238e-01
1.313365878725313574e-01 -1.290613115226479701e+00 1.302739126971566685e+00 1.456522383334000192e-01 5.406498987612211593e-01
1.395616036040251695e-01 -1.275729551195307288e+00 1.303222846915517819e+00 1.368112095115746052e-01 5.426997455843168838e-01
1.477866193355189539e-01 -1.260845987164134874e+00 1.303706566859469174e+00 1.279701806897491356e-01 5.447495924074127194e-01
1.560116350670127661e-01 -1.245962423132962460e+00 1.304190286803420307e+00 1.191291518679236938e-01 5.467994392305084439e-01
1.642366507985065782e-01 -1.231078859101789824e+00 1.304674006747371440e+00 1.102881230460982520e-01 5.488492860536042794e-01
1.724616665300003904e-01 -1.216195295070617410e+00 1.305157726691322573e+00 1.014470942242728102e-01 5.508991328767000040e-01
1.806866822614942025e-01 -1.201311731039444997e+00 1.305641446635273928e+00 9.260606540244736840e-02 5.529489796997958395e-01
1.889116979929879869e-01 -1.186428167008272361e+00 1.306125166579225061e+00 8.376503658062192659e-02 5.549988265228915640e-01
1.971367137244817991e-01 -1.171544602977099947e+00 1.306608886523176194e+00 7.492400775879648478e-02 5.570486733459873996e-01
2.053617294559755835e-01 -1.156661038945927533e+00 1.307092606467127327e+00 6.608297893697104297e-02 5.590985201690831241e-01
2.135867451874693956e-01 -1.141777474914754897e+00 1.307576326411078682e+00 5.724195011514560116e-02 5.611483669921789597e-01
2.218117609189632078e-01 -1.126893910883582484e+00 1.308060046355029815e+00 4.840092129332015936e-02 5.631982138152746842e-01
2.300367766504569922e-01 -1.112010346852410070e+00 1.308543766298980948e+00 3.955989247149471755e-02 5.652480606383705197e-01
2.382617923819508043e-01 -1.097126782821237434e+00 1.309027486242932081e+00 3.071886364966927574e-02 5.672979074614662442e-01
2.464868081134446165e-01 -1.082243218790065020e+00 1.309511206186883436e+00 2.187783482784383393e-02 5.693477542845620798e-01
2.547118238449384009e-01 -1.067359654758892606e+00 1.309994926130834569e+00 1.303680600601836437e-02 5.713976011076578043e-01
2.629368395764322131e-01 -1.052476090727719971e+00 1.310478646074785702e+00 4.195777184192922560e-03 5.734474479307536399e-01
2.711618553079260252e-01 -1.037592526696547557e+00 1.310962366018736835e+00 -4.645251637632519248e-03 5.754972947538494754e-01
2.793868710394198374e-01 -1.022708962665375143e+00 1.311446085962687969e+00 -1.348628045945796106e-02 5.775471415769451999e-01
2.876118867709136495e-01 -1.007825398634202729e+00 1.311929805906639324e+00 -2.232730928128340286e-02 5.795969884000410355e-01
2.958369025024074617e-01 -9.929418346030302045e-01 1.312413525850590457e+00 -3.116833810310881692e-02 5.816468352231367600e-01
3.040619182339012738e-01 -9.780582705718576797e-01 1.312897245794541590e+00 -4.000936692493428648e-02 5.836966820462325956e-01
3.122869339653950305e-01 -9.631747065406852659e-01 1.313380965738492723e+00 -4.885039574675970053e-02 5.857465288693283201e-01
3.205119496968888426e-01 -9.482911425095127411e-01 1.313864685682444078e+00 -5.769142456858517010e-02 5.877963756924241556e-01
3.287369654283826548e-01 -9.334075784783402163e-01 1.314348405626395211e+00 -6.653245339041063966e-02 5.898462225155198801e-01
3.369619811598764669e-01 -9.185240144471678025e-01 1.314832125570346344e+00 -7.537348221223605371e-02 5.918960693386157157e-01
3.451869968913702791e-01 -9.036404504159952777e-01 1.315315845514297477e+00 -8.421451103406152328e-02 5.939459161617114402e-01
3.534120126228640357e-01 -8.887568863848228640e-01 1.315799565458248832e+00 -9.305553985588693733e-02 5.959957629848072758e-01
3.616370283543578479e-01 -8.738733223536503392e-01 1.316283285402199965e+00 -1.018965686777124069e-01 5.980456098079030003e-01
3.698620440858516600e-01 -8.589897583224778144e-01 1.316767005346151098e+00 -1.107375974995378209e-01 6.000954566309988358e-01
3.780870598173454722e-01 -8.441061942913054006e-01 1.317250725290102231e+00 -1.195786263213632905e-01 6.021453034540945604e-01
3.863120755488392843e-01 -8.292226302601328758e-01 1.317734445234053586e+00 -1.284196551431887046e-01 6.041951502771903959e-01
3.945370912803330965e-01 -8.143390662289604620e-01 1.318218165178004719e+00 -1.372606839650141741e-01 6.062449971002861204e-01
4.027621070118268531e-01 -7.994555021977879372e-01 1.318701885121955852e+00 -1.461017127868395882e-01 6.082948439233819560e-01
4.109871227433206653e-01 -7.845719381666154124e-01 1.319185605065906985e+00 -1.549427416086650577e-01 6.103446907464776805e-01
4.192121384748144775e-01 -7.696883741354429986e-01 1.319669325009858341e+00 -1.637837704304904718e-01 6.123945375695735160e-01
4.274371542063082896e-01 -7.548048101042704738e-01 1.320153044953809474e+00 -1.726247992523159414e-01 6.144443843926692406e-01
4.356621699378021018e-01 -7.399212460730980601e-01 1.320636764897760607e+00 -1.814658280741413554e-01 6.164942312157650761e-01
4.438871856692959139e-01 -7.250376820419255353e-01 1.321120484841711740e+00 -1.903068568959668250e-01 6.185440780388608006e-01
4.521122014007896706e-01 -7.101541180107531215e-01 1.321604204785663095e+00 -1.991478857177922945e-01 6.205939248619566362e-01
4.603372171322834827e-01 -6.952705539795805967e-01 1.322087924729614228e+00 -2.079889145396177086e-01 6.226437716850523607e-01
4.685622328637772949e-01 -6.803869899484080719e-01 1.322571644673565361e+00 -2.168299433614431226e-01 6.246936185081481963e-01
4.685622328637772949e-01 -6.803869899484080719e-01 1.322571644673565361e+00 -2.168299433614431226e-01 6.246936185081481963e-01
4.663937570119065512e-01 -6.722200274827487831e-01 1.323710523144359996e+00 -2.174491701669764854e-01 6.157237433828373074e-01
4.642252811600358076e-01 -6.640530650170896054e-01 1.324849401615154632e+00 -2.180683969725098481e-01 6.067538682575263076e-01
4.620568053081650639e-01 -6.558861025514303167e-01 1.325988280085949045e+00 -2.186876237780432386e-01 5.977839931322154188e-01
4.598883294562943203e-01 -6.477191400857710279e-01 1.327127158556743680e+00 -2.193068505835766013e-01 5.888141180069044189e-01
4.577198536044235766e-01 -6.395521776201117392e-01 1.328266037027538315e+00 -2.199260773891099641e-01 5.798442428815935301e-01
4.555513777525528329e-01 -6.313852151544525615e-01 1.329404915498332951e+00 -2.205453041946433268e-01 5.708743677562825303e-01
4.533829019006820338e-01 -6.232182526887932728e-01 1.330543793969127364e+00 -2.211645310001766895e-01 5.619044926309716415e-01
4.512144260488112901e-01 -6.150512902231339840e-01 1.331682672439921999e+00 -2.217837578057100800e-01 5.529346175056606416e-01
4.490459501969405465e-01 -6.068843277574746953e-01 1.332821550910716635e+00 -2.224029846112434428e-01 5.439647423803497528e-01
4.468774743450698028e-01 -5.987173652918155176e-01 1.333960429381511270e+00 -2.230222114167768055e-01 5.349948672550387530e-01
4.447089984931990592e-01 -5.905504028261562288e-01 1.335099307852305683e+00 -2.236414382223101682e-01 5.260249921297278641e-01
4.425405226413283155e-01 -5.823834403604969401e-01 1.336238186323100319e+00 -2.242606650278435310e-01 5.170551170044168643e-01
4.403720467894575719e-01 -5.742164778948377624e-01 1.337377064793894954e+00 -2.248798918333769215e-01 5.080852418791059755e-01
4.382035709375868282e-01 -5.660495154291784736e-01 1.338515943264689589e+00 -2.254991186389102842e-01 4.991153667537949756e-01
4.360350950857160846e-01 -5.578825529635191849e-01 1.339654821735484003e+00 -2.261183454444436469e-01 4.901454916284840868e-01
4.338666192338453409e-01 -5.497155904978598961e-01 1.340793700206278638e+00 -2.267375722499770097e-01 4.811756165031730870e-01
4.316981433819745972e-01 -5.415486280322007184e-01 1.341932578677073273e+00 -2.273567990555103724e-01 4.722057413778621981e-01
4.295296675301038536e-01 -5.333816655665414297e-01 1.343071457147867909e+00 -2.279760258610437629e-01 4.632358662525511983e-01
4.273611916782330544e-01 -5.252147031008821410e-01 1.344210335618662322e+00 -2.285952526665771256e-01 4.542659911272403095e-01
4.251927158263623108e-01 -5.170477406352229632e-01 1.345349214089456957e+00 -2.292144794721104883e-01 4.452961160019293096e-01
4.230242399744915671e-01 -5.088807781695636745e-01 1.346488092560251593e+00 -2.298337062776438511e-01 4.363262408766184208e-01
4.208557641226208235e-01 -5.007138157039043858e-01 1.347626971031046228e+00 -2.304529330831772138e-01 4.273563657513074210e-01
4.186872882707500798e-01 -4.925468532382451525e-01 1.348765849501840641e+00 -2.310721598887106043e-01 4.183864906259965322e-01
4.165188124188793362e-01 -4.843798907725859193e-01 1.349904727972635277e+00 -2.316913866942439670e-01 4.094166155006855878e-01
4.143503365670085925e-01 -4.762129283069266306e-01 1.351043606443429912e+00 -2.323106134997773298e-01 4.004467403753746435e-01
4.121818607151378488e-01 -4.680459658412673418e-01 1.352182484914224547e+00 -2.329298403053106925e-01 3.914768652500636992e-01
4.100133848632671052e-01 -4.598790033756081086e-01 1.353321363385019183e+00 -2.335490671108440552e-01 3.825069901247527548e-01
4.078449090113963615e-01 -4.517120409099488754e-01 1.354460241855813596e+00 -2.341682939163774457e-01 3.735371149994418105e-01
4.056764331595256179e-01 -4.435450784442895866e-01 1.355599120326608231e+00 -2.347875207219108085e-01 3.645672398741308662e-01
4.035079573076548742e-01 -4.353781159786303534e-01 1.356737998797402867e+00 -2.354067475274441712e-01 3.555973647488199219e-01
4.013394814557841306e-01 -4.272111535129710647e-01 1.357876877268197502e+00 -2.360259743329775339e-01 3.466274896235089775e-01
3.991710056039133869e-01 -4.190441910473118314e-01 1.359015755738991915e+00 -2.366452011385108967e-01 3.376576144981980332e-01
3.970025297520426433e-01 -4.108772285816525982e-01 1.360154634209786551e+00 -2.372644279440442872e-01 3.286877393728870889e-01
3.948340539001718441e-01 -4.027102661159933095e-01 1.361293512680581186e+00 -2.378836547495776499e-01 3.197178642475761445e-01
3.926655780483011005e-01 -3.945433036503340762e-01 1.362432391151375821e+00 -2.385028815551110126e-01 3.107479891222652002e-01
3.904971021964303568e-01 -3.863763411846747875e-01 1.363571269622170234e+00 -2.391221083606443754e-01 3.017781139969542559e-01
3.883286263445596131e-01 -3.782093787190155543e-01 1.364710148092964870e+00 -2.397413351661777381e-01 2.928082388716433115e-01
3.861601504926888695e-01 -3.700424162533562655e-01 1.365849026563759505e+00 -2.403605619717111286e-01 2.838383637463323672e-01
3.839916746408181258e-01 -3.618754537876970323e-01 1.366987905034554140e+00 -2.409797887772444913e-01 2.748684886210214229e-01
3.818231987889473822e-01 -3.537084913220377436e-01 1.368126783505348554e+00 -2.415990155827778540e-01 2.658986134957104785e-01
3.796547229370766385e-01 -3.455415288563785103e-01 1.369265661976143189e+00 -2.422182423883112168e-01 2.569287383703995342e-01
3.774862470852058949e-01 -3.373745663907192771e-01 1.370404540446937824e+00 -2.428374691938445795e-01 2.479588632450885899e-01
3.753177712333351512e-01 -3.292076039250599884e-01 1.371543418917732460e+00 -2.434566959993779700e-01 2.389889881197776456e-01
3.731492953814643521e-01 -3.210406414594007551e-01 1.372682297388526873e+00 -2.440759228049113327e-01 2.300191129944667012e-01
3.709808195295936084e-01 -3.128736789937414664e-01 1.373821175859321508e+00 -2.446951496104446955e-01 2.210492378691557569e-01
3.688123436777228648e-01 -3.047067165280822332e-01 1.374960054330116144e+00 -2.453143764159780582e-01 2.120793627438448126e-01
3.666438678258521211e-01 -2.965397540624229444e-01 1.376098932800910779e+00 -2.459336032215114209e-01 2.031094876185338682e-01
3.644753919739813774e-01 -2.883727915967637112e-01 1.377237811271705192e+00 -2.465528300270448114e-01 1.941396124932229794e-01
3.623069161221106338e-01 -2.802058291311044780e-01 1.378376689742499828e+00 -2.471720568325781742e-01 1.851697373679120351e-01
3.601384402702398901e-01 -2.720388666654451892e-01 1.379515568213294463e+00 -2.477912836381115369e-01 1.761998622426010908e-01
3.601384402702398901e-01 -2.720388666654451892e-01 1.379515568213294463e+00 -2.477912836381115369e-01 1.761998622426010908e-01
3.567282326711676554e-01 -2.606398718538908144e-01 1.368708498389660466e+00 -2.522733032409277265e-01 1.653783103648031605e-01
3.533180250720953652e-01 -2.492408770423363840e-01 1.357901428566026691e+00 -2.567553228437438606e-01 1.545567584870052302e-01
3.499078174730231305e-01 -2.378418822307820091e-01 1.347094358742392695e+00 -2.612373424465600502e-01 1.437352066092072722e-01
3.464976098739508403e-01 -2.264428874192276064e-01 1.336287288918758698e+00 -2.657193620493762398e-01 1.329136547314093419e-01
3.430874022748786056e-01 -2.150438926076732038e-01 1.325480219095124923e+00 -2.702013816521923739e-01 1.220921028536114117e-01
3.396771946758063154e-01 -2.036448977961188012e-01 1.314673149271490926e+00 -2.746834012550085635e-01 1.112705509758134675e-01
3.362669870767340807e-01 -1.922459029845643985e-01 1.303866079447856929e+00 -2.791654208578246976e-01 1.004489990980155234e-01
3.328567794776617905e-01 -1.808469081730100236e-01 1.293059009624223155e+00 -2.836474404606408872e-01 8.962744722021759314e-02
3.294465718785895558e-01 -1.694479133614555932e-01 1.282251939800589158e+00 -2.881294600634570768e-01 7.880589534241966287e-02
3.260363642795173211e-01 -1.580489185499012184e-01 1.271444869976955383e+00 -2.926114796662732109e-01 6.798434346462171873e-02
3.226261566804450309e-01 -1.466499237383468157e-01 1.260637800153321386e+00 -2.970934992690894005e-01 5.716279158682377459e-02
3.192159490813727962e-01 -1.352509289267924131e-01 1.249830730329687389e+00 -3.015755188719055901e-01 4.634123970902584433e-02
3.158057414823005060e-01 -1.238519341152380104e-01 1.239023660506053615e+00 -3.060575384747217242e-01 3.551968783122791407e-02
3.123955338832282713e-01 -1.124529393036836356e-01 1.228216590682419618e+00 -3.105395580775379138e-01 2.469813595342995605e-02
3.089853262841559811e-01 -1.010539444921292329e-01 1.217409520858785621e+00 -3.150215776803541035e-01 1.387658407563202578e-02
3.055751186850837464e-01 -8.965494968057483027e-02 1.206602451035151846e+00 -3.195035972831702376e-01 3.055032197834095520e-03
3.021649110860115117e-01 -7.825595486902042763e-02 1.195795381211517849e+00 -3.239856168859864272e-01 -7.766519679963834744e-03
2.987547034869392215e-01 -6.685696005746602499e-02 1.184988311387884075e+00 -3.284676364888026168e-01 -1.858807155776176501e-02
2.953444958878669868e-01 -5.545796524591165011e-02 1.174181241564250078e+00 -3.329496560916187509e-01 -2.940962343555972303e-02
2.919342882887946966e-01 -4.405897043435724747e-02 1.163374171740616081e+00 -3.374316756944349405e-01 -4.023117531335765329e-02
2.885240806897224619e-01 -3.265997562280284483e-02 1.152567101916982306e+00 -3.419136952972511301e-01 -5.105272719115558355e-02
2.851138730906501717e-01 -2.126098081124844219e-02 1.141760032093348309e+00 -3.463957149000672642e-01 -6.187427906895354157e-02
2.817036654915779370e-01 -9.861985999694067306e-03 1.130952962269714313e+00 -3.508777345028834538e-01 -7.269583094675147183e-02
2.782934578925057023e-01 1.537008811860363089e-03 1.120145892446080538e+00 -3.553597541056996434e-01 -8.351738282454940210e-02
2.748832502934334121e-01 1.293600362341473797e-02 1.109338822622446541e+00 -3.598417737085157775e-01 -9.433893470234733236e-02
2.714730426943611219e-01 2.433499843496916837e-02 1.098531752798812544e+00 -3.643237933113319671e-01 -1.051604865801452626e-01
2.680628350952888872e-01 3.573399324652354325e-02 1.087724682975178769e+00 -3.688058129141481012e-01 -1.159820384579431929e-01
2.646526274962166525e-01 4.713298805807791814e-02 1.076917613151544773e+00 -3.732878325169642908e-01 -1.268035903357411787e-01
2.612424198971443623e-01 5.853198286963234853e-02 1.066110543327910776e+00 -3.777698521197804249e-01 -1.376251422135391089e-01
2.578322122980721276e-01 6.993097768118672342e-02 1.055303473504277001e+00 -3.822518717225966145e-01 -1.484466940913370392e-01
2.544220046989998929e-01 8.132997249274115381e-02 1.044496403680643004e+00 -3.867338913254128041e-01 -1.592682459691349695e-01
2.510117970999276027e-01 9.272896730429552870e-02 1.033689333857009007e+00 -3.912159109282289382e-01 -1.700897978469328997e-01
2.476015895008553402e-01 1.041279621158499036e-01 1.022882264033375233e+00 -3.956979305310451278e-01 -1.809113497247308300e-01
2.441913819017830778e-01 1.155269569274043340e-01 1.012075194209741236e+00 -4.001799501338613174e-01 -1.917329016025287602e-01
2.407811743027108431e-01 1.269259517389587089e-01 1.001268124386107239e+00 -4.046619697366774515e-01 -2.025544534803266905e-01
2.373709667036385529e-01 1.383249465505131393e-01 9.904610545624734641e-01 -4.091439893394936411e-01 -2.133760053581246208e-01
2.339607591045663182e-01 1.497239413620675141e-01 9.796539847388394673e-01 -4.136260089423098307e-01 -2.241975572359226065e-01
2.305505515054940557e-01 1.611229361736218890e-01 9.688469149152056925e-01 -4.181080285451259648e-01 -2.350191091137205368e-01
2.271403439064217933e-01 1.725219309851763194e-01 9.580398450915716957e-01 -4.225900481479421544e-01 -2.458406609915184671e-01
2.237301363073495308e-01 1.839209257967306943e-01 9.472327752679378099e-01 -4.270720677507583440e-01 -2.566622128693163973e-01
2.203199287082772684e-01 1.953199206082851247e-01 9.364257054443039241e-01 -4.315540873535744781e-01 -2.674837647471143276e-01
2.169097211092050059e-01 2.067189154198394996e-01 9.256186356206699273e-01 -4.360361069563906677e-01 -2.783053166249122579e-01
2.134995135101327435e-01 2.181179102313938745e-01 9.148115657970360415e-01 -4.405181265592068574e-01 -2.891268685027101881e-01
2.100893059110605088e-01 2.295169050429483049e-01 9.040044959734021557e-01 -4.450001461620229914e-01 -2.999484203805081739e-01
2.066790983119882463e-01 2.409158998545026797e-01 8.931974261497681589e-01 -4.494821657648391811e-01 -3.107699722583061042e-01
2.032688907129159839e-01 2.523148946660570546e-01 8.823903563261342731e-01 -4.539641853676553707e-01 -3.215915241361040344e-01
1.998586831138437214e-01 2.637138894776115405e-01 8.715832865025003873e-01 -4.584462049704715048e-01 -3.324130760139019092e-01
1.964484755147714590e-01 2.751128842891659154e-01 8.607762166788663905e-01 -4.629282245732876944e-01 -3.432346278916998950e-01
1.930382679156991965e-01 2.865118791007202903e-01 8.499691468552325047e-01 -4.674102441761038840e-01 -3.540561797694978807e-01
1.896280603166269341e-01 2.979108739122746652e-01 8.391620770315986189e-01 -4.718922637789200181e-01 -3.648777316472957555e-01
1.896280603166269341e-01 2.979108739122746652e-01 8.391620770315986189e-01 -4.718922637789200181e-01 -3.648777316472957555e-01
1.878094008406084869e-01 2.994039190784186788e-01 8.267534452115322674e-01 -4.721534813956350107e-01 -3.631338741022930305e-01
1.859907413645900398e-01 3.008969642445626369e-01 8.143448133914659159e-01 -4.724146990123500034e-01 -3.613900165572903056e-01
1.841720818885715927e-01 3.023900094107066505e-01 8.019361815713996755e-01 -4.726759166290649961e-01 -3.596461590122875807e-01
1.823534224125531455e-01 3.038830545768506086e-01 7.895275497513333240e-01 -4.729371342457799887e-01 -3.579023014672848557e-01
1.805347629365346984e-01 3.053760997429946222e-01 7.771189179312669726e-01 -4.731983518624950369e-01 -3.561584439222821308e-01
1.787161034605162513e-01 3.068691449091386358e-01 7.647102861112006211e-01 -4.734595694792100296e-01 -3.544145863772794058e-01
1.768974439844978042e-01 3.083621900752825939e-01 7.523016542911343807e-01 -4.737207870959250222e-01 -3.526707288322766254e-01
1.750787845084793570e-01 3.098552352414266076e-01 7.398930224710680292e-01 -4.739820047126400149e-01 -3.509268712872739004e-01
1.732601250324609099e-01 3.113482804075705657e-01 7.274843906510016778e-01 -4.742432223293550075e-01 -3.491830137422711755e-01
1.714414655564424628e-01 3.128413255737145793e-01 7.150757588309353263e-01 -4.745044399460700002e-01 -3.474391561972684506e-01
1.696228060804240156e-01 3.143343707398585929e-01 7.026671270108690859e-01 -4.747656575627849929e-01 -3.456952986522657256e-01
1.678041466044055685e-01 3.158274159060025510e-01 6.902584951908027344e-01 -4.750268751794999855e-01 -3.439514411072630007e-01
1.659854871283871214e-01 3.173204610721465646e-01 6.778498633707363830e-01 -4.752880927962150337e-01 -3.422075835622602757e-01
1.641668276523686743e-01 3.188135062382905227e-01 6.654412315506700315e-01 -4.755493104129300264e-01 -3.404637260172575508e-01
1.623481681763502271e-01 3.203065514044345363e-01 6.530325997306036800e-01 -4.758105280296450190e-01 -3.387198684722548259e-01
1.605295087003317800e-01 3.217995965705785499e-01 6.406239679105374396e-01 -4.760717456463600117e-01 -3.369760109272521009e-01
1.587108492243133329e-01 3.232926417367225080e-01 6.282153360904710881e-01 -4.763329632630750043e-01 -3.352321533822493760e-01
1.568921897482948857e-01 3.247856869028665217e-01 6.158067042704047367e-01 -4.765941808797899970e-01 -3.334882958372466510e-01
1.550735302722764386e-01 3.262787320690104798e-01 6.033980724503384963e-01 -4.768553984965049897e-01 -3.317444382922438706e-01
1.532548707962579915e-01 3.277717772351544934e-01 5.909894406302721448e-01 -4.771166161132199823e-01 -3.300005807472411457e-01
1.514362113202395443e-01 3.292648224012985070e-01 5.785808088102057933e-01 -4.773778337299350305e-01 -3.282567232022384207e-01
1.496175518442210972e-01 3.307578675674424651e-01 5.661721769901394419e-01 -4.776390513466500232e-01 -3.265128656572356958e-01
1.477988923682026501e-01 3.322509127335864787e-01 5.537635451700730904e-01 -4.779002689633650158e-01 -3.247690081122329708e-01
1.459802328921842030e-01 3.337439578997304368e-01 5.413549133500068500e-01 -4.781614865800800085e-01 -3.230251505672302459e-01
1.441615734161657558e-01 3.352370030658744504e-01 5.289462815299404985e-01 -4.784227041967950012e-01 -3.212812930222275210e-01
1.423429139401473087e-01 3.367300482320184640e-01 5.165376497098741471e-01 -4.786839218135099938e-01 -3.195374354772247960e-01
1.405242544641288616e-01 3.382230933981624221e-01 5.041290178898079066e-01 -4.789451394302249865e-01 -3.177935779322220711e-01
1.387055949881104144e-01 3.397161385643064357e-01 4.917203860697414997e-01 -4.792063570469399791e-01 -3.160497203872193461e-01
1.368869355120919673e-01 3.412091837304503938e-01 4.793117542496752037e-01 -4.794675746636549718e-01 -3.143058628422166212e-01
1.350682760360735202e-01 3.427022288965944075e-01 4.669031224296088523e-01 -4.797287922803700200e-01 -3.125620052972138962e-01
1.332496165600550730e-01 3.441952740627384211e-01 4.544944906095425563e-01 -4.799900098970850126e-01 -3.108181477522111713e-01
1.314309570840366259e-01 3.456883192288823792e-01 4.420858587894762048e-01 -4.802512275138000053e-01 -3.090742902072084464e-01
1.296122976080181788e-01 3.471813643950263928e-01 4.296772269694098534e-01 -4.805124451305149980e-01 -3.073304326622056659e-01
1.277936381319997317e-01 3.486744095611703509e-01 4.172685951493435574e-01 -4.807736627472299906e-01 -3.055865751172029410e-01
1.259749786559812845e-01 3.501674547273143645e-01 4.048599633292772060e-01 -4.810348803639449833e-01 -3.038427175722002160e-01
1.241563191799628374e-01 3.516604998934583781e-01 3.924513315092109100e-01 -4.812960979806599759e-01 -3.020988600271974911e-01
1.223376597039443903e-01 3.531535450596023362e-01 3.800426996891445586e-01 -4.815573155973749686e-01 -3.003550024821947662e-01
1.205190002279259431e-01 3.546465902257463498e-01 3.676340678690782626e-01 -4.818185332140900168e-01 -2.986111449371920412e-01
1.187003407519074960e-01 3.561396353918903079e-01 3.552254360490119112e-01 -4.820797508308050094e-01 -2.968672873921893163e-01
1.168816812758890489e-01 3.576326805580343215e-01 3.428168042289456152e-01 -4.823409684475200021e-01 -2.951234298471865913e-01
1.150630217998706017e-01 3.591257257241783352e-01 3.304081724088793193e-01 -4.826021860642349948e-01 -2.933795723021838664e-01
1.132443623238521546e-01 3.606187708903222933e-01 3.179995405888129678e-01 -4.828634036809499874e-01 -2.916357147571811415e-01
1.114257028478337075e-01 3.621118160564663069e-01 3.055909087687466164e-01 -4.831246212976649801e-01 -2.898918572121784165e-01
1.096070433718152604e-01 3.636048612226102650e-01 2.931822769486802649e-01 -4.833858389143799728e-01 -2.881479996671756361e-01
1.077883838957968132e-01 3.650979063887542786e-01 2.807736451286140245e-01 -4.836470565310949654e-01 -2.864041421221729111e-01
1.059697244197783661e-01 3.665909515548982922e-01 2.683650133085476730e-01 -4.839082741478100136e-01 -2.846602845771701862e-01
1.041510649437599190e-01 3.680839967210422503e-01 2.559563814884813215e-01 -4.841694917645250062e-01 -2.829164270321674612e-01
1.023324054677414718e-01 3.695770418871862639e-01 2.435477496684149701e-01 -4.844307093812399989e-01 -2.811725694871647363e-01
1.005137459917230247e-01 3.710700870533302220e-01 2.311391178483486186e-01 -4.846919269979549916e-01 -2.794287119421620114e-01
9.869508651570457758e-02 3.725631322194742356e-01 2.187304860282823782e-01 -4.849531446146699842e-01 -2.776848543971592864e-01
9.869508651570457758e-02 3.725631322194742356e-01 2.187304860282823782e-01 -4.849531446146699842e-01 -2.776848543971592864e-01
9.433210738273883900e-02 3.774865426021496440e-01 2.035788651726119225e-01 -4.841672599780277864e-01 -2.859825427428260847e-01
8.996912824977310041e-02 3.824099529848249968e-01 1.884272443169414668e-01 -4.833813753413855885e-01 -2.942802310884928274e-01
8.560614911680736183e-02 3.873333633675004051e-01 1.732756234612710111e-01 -4.825954907047433906e-01 -3.025779194341596257e-01
8.124316998384160937e-02 3.922567737501757579e-01 1.581240026056005277e-01 -4.818096060681011927e-01 -3.108756077798263684e-01
7.688019085087587079e-02 3.971801841328511662e-01 1.429723817499300720e-01 -4.810237214314589949e-01 -3.191732961254931666e-01
7.251721171791013221e-02 4.021035945155265190e-01 1.278207608942596163e-01 -4.802378367948167970e-01 -3.274709844711599094e-01
6.815423258494439362e-02 4.070270048982019273e-01 1.126691400385891467e-01 -4.794519521581746546e-01 -3.357686728168267076e-01
6.379125345197864116e-02 4.119504152808772801e-01 9.751751918291869103e-02 -4.786660675215324567e-01 -3.440663611624934504e-01
5.942827431901290952e-02 4.168738256635526884e-01 8.236589832724822147e-02 -4.778801828848902589e-01 -3.523640495081602486e-01
5.506529518604716400e-02 4.217972360462280412e-01 6.721427747157776578e-02 -4.770942982482480610e-01 -3.606617378538269914e-01
5.070231605308142542e-02 4.267206464289034495e-01 5.206265661590731009e-02 -4.763084136116058631e-01 -3.689594261994937896e-01
4.633933692011568684e-02 4.316440568115788023e-01 3.691103576023685440e-02 -4.755225289749636652e-01 -3.772571145451605323e-01
4.197635778714994131e-02 4.365674671942542107e-01 2.175941490456639871e-02 -4.747366443383214674e-01 -3.855548028908273306e-01
3.761337865418420273e-02 4.414908775769295635e-01 6.607794048895915262e-03 -4.739507597016792695e-01 -3.938524912364941288e-01
3.325039952121845721e-02 4.464142879596049718e-01 -8.543826806774540428e-03 -4.731648750650370716e-01 -4.021501795821608716e-01
2.888742038825271863e-02 4.513376983422803246e-01 -2.369544766244499612e-02 -4.723789904283948737e-01 -4.104478679278276143e-01
2.452444125528698005e-02 4.562611087249557329e-01 -3.884706851811547956e-02 -4.715931057917526759e-01 -4.187455562734944126e-01
2.016146212232124146e-02 4.611845191076310857e-01 -5.399868937378593525e-02 -4.708072211551104780e-01 -4.270432446191612108e-01
1.579848298935548900e-02 4.661079294903064940e-01 -6.915031022945639094e-02 -4.700213365184683356e-01 -4.353409329648279535e-01
1.143550385638975042e-02 4.710313398729818468e-01 -8.430193108512684663e-02 -4.692354518818261377e-01 -4.436386213104946963e-01
7.072524723424011839e-03 4.759547502556572551e-01 -9.945355194079730232e-02 -4.684495672451839399e-01 -4.519363096561614945e-01
2.709545590458273256e-03 4.808781606383326079e-01 -1.146051727964677580e-01 -4.676636826085417420e-01 -4.602339980018282928e-01
-1.653433542507465326e-03 4.858015710210080162e-01 -1.297567936521382137e-01 -4.668777979718995441e-01 -4.685316863474950355e-01
-6.016412675473203908e-03 4.907249814036833691e-01 -1.449084145078086694e-01 -4.660919133352573462e-01 -4.768293746931618338e-01
-1.037939180843895637e-02 4.956483917863587774e-01 -1.600600353634791251e-01 -4.653060286986151484e-01 -4.851270630388285765e-01
-1.474237094140469495e-02 5.005718021690341857e-01 -1.752116562191495808e-01 -4.645201440619729505e-01 -4.934247513844953748e-01
-1.910535007437043353e-02 5.054952125517095940e-01 -1.903632770748200920e-01 -4.637342594253307526e-01 -5.017224397301621730e-01
-2.346832920733617212e-02 5.104186229343848913e-01 -2.055148979304905477e-01 -4.629483747886885547e-01 -5.100201280758289712e-01
-2.783130834030192458e-02 5.153420333170602996e-01 -2.206665187861610034e-01 -4.621624901520463569e-01 -5.183178164214956585e-01
-3.219428747326766316e-02 5.202654436997357079e-01 -2.358181396418314590e-01 -4.613766055154041590e-01 -5.266155047671624567e-01
-3.655726660623340174e-02 5.251888540824110052e-01 -2.509697604975019147e-01 -4.605907208787619611e-01 -5.349131931128292550e-01
-4.092024573919914032e-02 5.301122644650864135e-01 -2.661213813531723704e-01 -4.598048362421198187e-01 -5.432108814584959422e-01
-4.528322487216487890e-02 5.350356748477618218e-01 -2.812730022088428816e-01 -4.590189516054776209e-01 -5.515085698041628515e-01
-4.964620400513061749e-02 5.399590852304372302e-01 -2.964246230645133373e-01 -4.582330669688354230e-01 -5.598062581498295387e-01
-5.400918313809635607e-02 5.448824956131126385e-01 -3.115762439201837930e-01 -4.574471823321932251e-01 -5.681039464954963369e-01
-5.837216227106209465e-02 5.498059059957879358e-01 -3.267278647758542487e-01 -4.566612976955510272e-01 -5.764016348411631352e-01
-6.273514140402783323e-02 5.547293163784633441e-01 -3.418794856315247044e-01 -4.558754130589088294e-01 -5.846993231868298224e-01
-6.709812053699359957e-02 5.596527267611387524e-01 -3.570311064871951601e-01 -4.550895284222666315e-01 -5.929970115324966207e-01
-7.146109966995933815e-02 5.645761371438140497e-01 -3.721827273428656158e-01 -4.543036437856244336e-01 -6.012946998781634189e-01
-7.582407880292507674e-02 5.694995475264894580e-01 -3.873343481985360715e-01 -4.535177591489822357e-01 -6.095923882238301061e-01
-8.018705793589081532e-02 5.744229579091648663e-01 -4.024859690542065271e-01 -4.527318745123400379e-01 -6.178900765694970154e-01
-8.455003706885655390e-02 5.793463682918402746e-01 -4.176375899098769828e-01 -4.519459898756978400e-01 -6.261877649151637026e-01
-8.891301620182229248e-02 5.842697786745156829e-01 -4.327892107655474385e-01 -4.511601052390556976e-01 -6.344854532608305009e-01
-9.327599533478803107e-02 5.891931890571909802e-01 -4.479408316212178942e-01 -4.503742206024134997e-01 -6.427831416064972991e-01
-9.763897446775376965e-02 5.941165994398663885e-01 -4.630924524768883499e-01 -4.495883359657713019e-01 -6.510808299521639864e-01
-1.020019536007195082e-01 5.990400098225417969e-01 -4.782440733325588056e-01 -4.488024513291291040e-01 -6.593785182978307846e-01
-1.063649327336852468e-01 6.039634202052170941e-01 -4.933956941882292613e-01 -4.480165666924869061e-01 -6.676762066434975829e-01
-1.107279118666509854e-01 6.088868305878925025e-01 -5.085473150438997170e-01 -4.472306820558447082e-01 -6.759738949891643811e-01
-1.150908909996167517e-01 6.138102409705679108e-01 -5.236989358995701727e-01 -4.464447974192025104e-01 -6.842715833348311794e-01
-1.194538701325824626e-01 6.187336513532433191e-01 -5.388505567552406283e-01 -4.456589127825603125e-01 -6.925692716804978666e-01
-1.194538701325824626e-01 6.187336513532433191e-01 -5.388505567552406283e-01 -4.456589127825603125e-01 -6.925692716804978666e-01
-1.141671650272996913e-01 6.257136704497138213e-01 -5.464702070949559731e-01 -4.560796834147484713e-01 -6.866926234272464624e-01
-1.088804599220169200e-01 6.326936895461843235e-01 -5.540898574346713179e-01 -4.665004540469365746e-01 -6.808159751739950583e-01
-1.035937548167341349e-01 6.396737086426548258e-01 -5.617095077743866627e-01 -4.769212246791247334e-01 -6.749393269207436541e-01
-9.830704971145136362e-02 6.466537277391253280e-01 -5.693291581141020075e-01 -4.873419953113128367e-01 -6.690626786674923610e-01
-9.302034460616859235e-02 6.536337468355957192e-01 -5.769488084538173522e-01 -4.977627659435009955e-01 -6.631860304142409568e-01
-8.773363950088582108e-02 6.606137659320662214e-01 -5.845684587935326970e-01 -5.081835365756891543e-01 -6.573093821609895526e-01
-8.244693439560304982e-02 6.675937850285367237e-01 -5.921881091332480418e-01 -5.186043072078773131e-01 -6.514327339077381485e-01
-7.716022929032026467e-02 6.745738041250072259e-01 -5.998077594729633866e-01 -5.290250778400653608e-01 -6.455560856544867443e-01
-7.187352418503750728e-02 6.815538232214777281e-01 -6.074274098126787313e-01 -5.394458484722535196e-01 -6.396794374012353401e-01
-6.658681907975472214e-02 6.885338423179482303e-01 -6.150470601523940761e-01 -5.498666191044416784e-01 -6.338027891479840470e-01
-6.130011397447195087e-02 6.955138614144187326e-01 -6.226667104921094209e-01 -5.602873897366298372e-01 -6.279261408947326428e-01
-5.601340886918917961e-02 7.024938805108892348e-01 -6.302863608318247657e-01 -5.707081603688179960e-01 -6.220494926414812387e-01
-5.072670376390640834e-02 7.094738996073597370e-01 -6.379060111715401105e-01 -5.811289310010061548e-01 -6.161728443882298345e-01
-4.543999865862362320e-02 7.164539187038301282e-01 -6.455256615112554552e-01 -5.915497016331943136e-01 -6.102961961349784303e-01
-4.015329355334085193e-02 7.234339378003006304e-01 -6.531453118509708000e-01 -6.019704722653823614e-01 -6.044195478817270262e-01
-3.486658844805808066e-02 7.304139568967711327e-01 -6.607649621906861448e-01 -6.123912428975705202e-01 -5.985428996284756220e-01
-2.957988334277530940e-02 7.373939759932416349e-01 -6.683846125304013785e-01 -6.228120135297586790e-01 -5.926662513752243289e-01
-2.429317823749253813e-02 7.443739950897121371e-01 -6.760042628701168343e-01 -6.332327841619467268e-01 -5.867896031219729247e-01
-1.900647313220975299e-02 7.513540141861826394e-01 -6.836239132098320681e-01 -6.436535547941348856e-01 -5.809129548687215205e-01
-1.371976802692698172e-02 7.583340332826531416e-01 -6.912435635495475239e-01 -6.540743254263230444e-01 -5.750363066154701164e-01
-8.433062921644210452e-03 7.653140523791235328e-01 -6.988632138892627577e-01 -6.644950960585112032e-01 -5.691596583622187122e-01
-3.146357816361439186e-03 7.722940714755941460e-01 -7.064828642289782135e-01 -6.749158666906993620e-01 -5.632830101089674191e-01
2.140347288921332081e-03 7.792740905720645372e-01 -7.141025145686934472e-01 -6.853366373228875208e-01 -5.574063618557159039e-01
7.427052394204103347e-03 7.862541096685350395e-01 -7.217221649084089030e-01 -6.957574079550756796e-01 -5.515297136024646107e-01
1.271375749948688849e-02 7.932341287650055417e-01 -7.293418152481241368e-01 -7.061781785872638384e-01 -5.456530653492132066e-01
1.800046260476964588e-02 8.002141478614760439e-01 -7.369614655878395926e-01 -7.165989492194518862e-01 -5.397764170959618024e-01
2.328716771005243102e-02 8.071941669579465461e-01 -7.445811159275548263e-01 -7.270197198516400450e-01 -5.338997688427103983e-01
2.857387281533521617e-02 8.141741860544170484e-01 -7.522007662672701711e-01 -7.374404904838282038e-01 -5.280231205894589941e-01
3.386057792061797356e-02 8.211542051508875506e-01 -7.598204166069855159e-01 -7.478612611160162515e-01 -5.221464723362077009e-01
3.914728302590075870e-02 8.281342242473579418e-01 -7.674400669467008607e-01 -7.582820317482044103e-01 -5.162698240829562968e-01
4.443398813118351609e-02 8.351142433438284440e-01 -7.750597172864162054e-01 -7.687028023803925691e-01 -5.103931758297048926e-01
4.972069323646630123e-02 8.420942624402989463e-01 -7.826793676261315502e-01 -7.791235730125807279e-01 -5.045165275764534885e-01
5.500739834174908638e-02 8.490742815367694485e-01 -7.902990179658468950e-01 -7.895443436447688867e-01 -4.986398793232020843e-01
6.029410344703184377e-02 8.560543006332399507e-01 -7.979186683055622398e-01 -7.999651142769570455e-01 -4.927632310699506801e-01
6.558080855231462891e-02 8.630343197297104529e-01 -8.055383186452775846e-01 -8.103858849091452043e-01 -4.868865828166993315e-01
7.086751365759738630e-02 8.700143388261809552e-01 -8.131579689849929293e-01 -8.208066555413332521e-01 -4.810099345634479273e-01
7.615421876288017144e-02 8.769943579226513464e-01 -8.207776193247082741e-01 -8.312274261735214109e-01 -4.751332863101965787e-01
8.144092386816295659e-02 8.839743770191219596e-01 -8.283972696644236189e-01 -8.416481968057095697e-01 -4.692566380569451745e-01
8.672762897344571398e-02 8.909543961155923508e-01 -8.360169200041389637e-01 -8.520689674378976175e-01 -4.633799898036937703e-01
9.201433407872849912e-02 8.979344152120629641e-01 -8.436365703438543084e-01 -8.624897380700857763e-01 -4.575033415504423662e-01
9.730103918401125651e-02 9.049144343085333553e-01 -8.512562206835696532e-01 -8.729105087022739351e-01 -4.516266932971910175e-01
1.025877442892940417e-01 9.118944534050038575e-01 -8.588758710232849980e-01 -8.833312793344620939e-01 -4.457500450439396134e-01
1.078744493945768268e-01 9.188744725014743597e-01 -8.664955213630003428e-01 -8.937520499666502527e-01 -4.398733967906882092e-01
1.131611544998595842e-01 9.258544915979448620e-01 -8.741151717027156876e-01 -9.041728205988384115e-01 -4.339967485374368605e-01
1.184478596051423693e-01 9.328345106944153642e-01 -8.817348220424310323e-01 -9.145935912310265703e-01 -4.281201002841854564e-01
1.237345647104251267e-01 9.398145297908857554e-01 -8.893544723821463771e-01 -9.250143618632147291e-01 -4.222434520309340522e-01
1.290212698157079119e-01 9.467945488873563686e-01 -8.969741227218617219e-01 -9.354351324954027769e-01 -4.163668037776827036e-01
1.343079749209906693e-01 9.537745679838267598e-01 -9.045937730615770667e-01 -9.458559031275909357e-01 -4.104901555244312994e-01
1.395946800262734544e-01 9.607545870802973731e-01 -9.122134234012924114e-01 -9.562766737597790945e-01 -4.046135072711798952e-01
1.448813851315562395e-01 9.677346061767677643e-01 -9.198330737410077562e-01 -9.666974443919672533e-01 -3.987368590179285466e-01
1.448813851315562395e-01 9.677346061767677643e-01 -9.198330737410077562e-01 -9.666974443919672533e-01 -3.987368590179285466e-01
1.419837574289251059e-01 9.693238650771643927e-01 -9.276163510461025163e-01 -9.735434342840428856e-01 -3.907621218375699756e-01
1.390861297262940000e-01 9.709131239775609101e-01 -9.353996283511973875e-01 -9.803894241761184070e-01 -3.827873846572114047e-01
1.361885020236628663e-01 9.725023828779575386e-01 -9.431829056562921476e-01 -9.872354140681940393e-01 -3.748126474768528338e-01
1.332908743210317326e-01 9.740916417783541670e-01 -9.509661829613869077e-01 -9.940814039602696717e-01 -3.668379102964942629e-01
1.303932466184006267e-01 9.756809006787507954e-01 -9.587494602664816679e-01 -1.000927393852345304e+00 -3.588631731161356919e-01
1.274956189157694930e-01 9.772701595791473128e-01 -9.665327375715765390e-01 -1.007773383744420936e+00 -3.508884359357771210e-01
1.245979912131383593e-01 9.788594184795439412e-01 -9.743160148766712991e-01 -1.014619373636496347e+00 -3.429136987554185501e-01
1.217003635105072396e-01 9.804486773799405697e-01 -9.820992921817660593e-01 -1.021465363528571979e+00 -3.349389615750599791e-01
1.188027358078761198e-01 9.820379362803370871e-01 -9.898825694868608194e-01 -1.028311353420647611e+00 -3.269642243947014082e-01
1.159051081052449861e-01 9.836271951807337155e-01 -9.976658467919556905e-01 -1.035157343312723244e+00 -3.189894872143428373e-01
1.130074804026138663e-01 9.852164540811303439e-01 -1.005449124097050451e+00 -1.042003333204798876e+00 -3.110147500339842663e-01
1.101098526999827465e-01 9.868057129815269723e-01 -1.013232401402145211e+00 -1.048849323096874508e+00 -3.030400128536256954e-01
1.072122249973516128e-01 9.883949718819234898e-01 -1.021015678707239971e+00 -1.055695312988950141e+00 -2.950652756732671245e-01
1.043145972947204930e-01 9.899842307823201182e-01 -1.028798956012334731e+00 -1.062541302881025551e+00 -2.870905384929085535e-01
1.014169695920893732e-01 9.915734896827167466e-01 -1.036582233317429491e+00 -1.069387292773101183e+00 -2.791158013125499826e-01
9.851934188945823956e-02 9.931627485831133750e-01 -1.044365510622524473e+00 -1.076233282665176816e+00 -2.711410641321914117e-01
9.562171418682710589e-02 9.947520074835098924e-01 -1.052148787927619233e+00 -1.083079272557252448e+00 -2.631663269518328407e-01
9.272408648419598609e-02 9.963412663839065209e-01 -1.059932065232713994e+00 -1.089925262449328081e+00 -2.551915897714742698e-01
8.982645878156486630e-02 9.979305252843031493e-01 -1.067715342537808754e+00 -1.096771252341403713e+00 -2.472168525911156989e-01
8.692883107893373262e-02 9.995197841846996667e-01 -1.075498619842903514e+00 -1.103617242233479345e+00 -2.392421154107571279e-01
8.403120337630261283e-02 1.001109043085096406e+00 -1.083281897147998274e+00 -1.110463232125554756e+00 -2.312673782303985570e-01
8.113357567367149303e-02 1.002698301985492924e+00 -1.091065174453093034e+00 -1.117309222017630388e+00 -2.232926410500399861e-01
7.823594797104035936e-02 1.004287560885889441e+00 -1.098848451758188016e+00 -1.124155211909706020e+00 -2.153179038696814152e-01
7.533832026840923957e-02 1.005876819786286180e+00 -1.106631729063282776e+00 -1.131001201801781653e+00 -2.073431666893228442e-01
7.244069256577811977e-02 1.007466078686682698e+00 -1.114415006368377536e+00 -1.137847191693857285e+00 -1.993684295089642733e-01
6.954306486314698610e-02 1.009055337587079215e+00 -1.122198283673472297e+00 -1.144693181585932917e+00 -1.913936923286057024e-01
6.664543716051586630e-02 1.010644596487475955e+00 -1.129981560978567057e+00 -1.151539171478008328e+00 -1.834189551482471314e-01
6.374780945788474651e-02 1.012233855387872472e+00 -1.137764838283661817e+00 -1.158385161370083960e+00 -1.754442179678885605e-01
6.085018175525361284e-02 1.013823114288268989e+00 -1.145548115588756577e+00 -1.165231151262159592e+00 -1.674694807875299896e-01
5.795255405262249304e-02 1.015412373188665729e+00 -1.153331392893851337e+00 -1.172077141154235225e+00 -1.594947436071714186e-01
5.505492634999135937e-02 1.017001632089062246e+00 -1.161114670198946097e+00 -1.178923131046310857e+00 -1.515200064268128477e-01
5.215729864736023957e-02 1.018590890989458986e+00 -1.168897947504041079e+00 -1.185769120938386489e+00 -1.435452692464542768e-01
4.925967094472911978e-02 1.020180149889855503e+00 -1.176681224809135839e+00 -1.192615110830462122e+00 -1.355705320660957058e-01
4.636204324209798611e-02 1.021769408790252021e+00 -1.184464502114230600e+00 -1.199461100722537754e+00 -1.275957948857371349e-01
4.346441553946686631e-02 1.023358667690648760e+00 -1.192247779419325360e+00 -1.206307090614613164e+00 -1.196210577053785640e-01
4.056678783683573264e-02 1.024947926591045277e+00 -1.200031056724420120e+00 -1.213153080506688797e+00 -1.116463205250199930e-01
3.766916013420461284e-02 1.026537185491441795e+00 -1.207814334029514880e+00 -1.219999070398764429e+00 -1.036715833446614221e-01
3.477153243157349305e-02 1.028126444391838534e+00 -1.215597611334609862e+00 -1.226845060290840062e+00 -9.569684616430285118e-02
3.187390472894235938e-02 1.029715703292235052e+00 -1.223380888639704622e+00 -1.233691050182915694e+00 -8.772210898394428025e-02
2.897627702631123958e-02 1.031304962192631569e+00 -1.231164165944799382e+00 -1.240537040074991104e+00 -7.974737180358570932e-02
2.607864932368011979e-02 1.032894221093028309e+00 -1.238947443249894143e+00 -1.247383029967066737e+00 -7.177263462322713838e-02
2.318102162104898611e-02 1.034483479993424826e+00 -1.246730720554988903e+00 -1.254229019859142369e+00 -6.379789744286856745e-02
2.028339391841786632e-02 1.036072738893821565e+00 -1.254513997860083663e+00 -1.261075009751218001e+00 -5.582316026250999652e-02
1.738576621578674652e-02 1.037661997794218083e+00 -1.262297275165178423e+00 -1.267920999643293634e+00 -4.784842308215142559e-02
1.448813851315561285e-02 1.039251256694614600e+00 -1.270080552470273183e+00 -1.274766989535369266e+00 -3.987368590179285466e-02
1.159051081052447918e-02 1.040840515595011340e+00 -1.277863829775367943e+00 -1.281612979427444898e+00 -3.189894872143428373e-02
8.692883107893373262e-03 1.042429774495407857e+00 -1.285647107080462703e+00 -1.288458969319520531e+00 -2.392421154107571279e-02
5.795255405262239590e-03 1.044019033395804374e+00 -1.293430384385557685e+00 -1.295304959211596163e+00 -1.594947436071714186e-02
2.897627702631105917e-03 1.045608292296201114e+00 -1.301213661690652446e+00 -1.302150949103671573e+00 -7.974737180358570932e-03
