-1.396263401595463582e+00 0.000000000000000000e+00 0.000000000000000000e+00 0.000000000000000000e+00 0.000000000000000000e+00
-1.396263401595463582e+00 0.000000000000000000e+00 0.000000000000000000e+00 0.000000000000000000e+00 0.000000000000000000e+00
-1.399483328876508281e+00 -1.193514390254883997e-02 2.057531029332664019e-02 1.015664932110347737e-02 -3.671275067046835417e-03
-1.402703256157552758e+00 -2.387028780509767995e-02 4.115062058665328037e-02 2.031329864220695475e-02 -7.342550134093670834e-03
-1.405923183438597457e+00 -3.580543170764652339e-02 6.172593087997992056e-02 3.046994796331043212e-02 -1.101382520114050668e-02
-1.409143110719642156e+00 -4.774057561019535989e-02 8.230124117330656075e-02 4.062659728441390949e-02 -1.468510026818734167e-02
-1.412363038000686633e+00 -5.967571951274419639e-02 1.028765514666332009e-01 5.078324660551739034e-02 -1.835637533523417839e-02
-1.415582965281731331e+00 -7.161086341529304677e-02 1.234518617599598411e-01 6.093989592662086424e-02 -2.202765040228101337e-02
-1.418802892562775808e+00 -8.354600731784188328e-02 1.440271720532864674e-01 7.109654524772433815e-02 -2.569892546932784835e-02
-1.422022819843820507e+00 -9.548115122039071978e-02 1.646024823466131215e-01 8.125319456882781899e-02 -2.937020053637468334e-02
-1.425242747124865206e+00 -1.074162951229395563e-01 1.851777926399397756e-01 9.140984388993129983e-02 -3.304147560342152179e-02
-1.428462674405909683e+00 -1.193514390254883928e-01 2.057531029332664019e-01 1.015664932110347807e-01 -3.671275067046835677e-02
-1.431682601686954381e+00 -1.312865829280372432e-01 2.263284132265930282e-01 1.117231425321382476e-01 -4.038402573751519176e-02
-1.434902528967999080e+00 -1.432217268305860935e-01 2.469037235199196822e-01 1.218797918532417285e-01 -4.405530080456202674e-02
-1.438122456249043557e+00 -1.551568707331349162e-01 2.674790338132463363e-01 1.320364411743452093e-01 -4.772657587160886172e-02
-1.441342383530088256e+00 -1.670920146356837666e-01 2.880543441065729349e-01 1.421930904954486763e-01 -5.139785093865569671e-02
-1.444562310811132955e+00 -1.790271585382325892e-01 3.086296543998995889e-01 1.523497398165521710e-01 -5.506912600570253169e-02
-1.447782238092177431e+00 -1.909623024407814396e-01 3.292049646932262430e-01 1.625063891376556380e-01 -5.874040107274936667e-02
-1.451002165373222130e+00 -2.028974463433302899e-01 3.497802749865528971e-01 1.726630384587591049e-01 -6.241167613979620166e-02
-1.454222092654266829e+00 -2.148325902458791126e-01 3.703555852798795511e-01 1.828196877798625997e-01 -6.608295120684304358e-02
-1.457442019935311306e+00 -2.267677341484279629e-01 3.909308955732061497e-01 1.929763371009660666e-01 -6.975422627388987162e-02
-1.460661947216356005e+00 -2.387028780509767856e-01 4.115062058665328037e-01 2.031329864220695613e-01 -7.342550134093671355e-02
-1.463881874497400482e+00 -2.506380219535256360e-01 4.320815161598594578e-01 2.132896357431730283e-01 -7.709677640798354159e-02
-1.467101801778445180e+00 -2.625731658560744863e-01 4.526568264531860564e-01 2.234462850642764953e-01 -8.076805147503038351e-02
-1.470321729059489879e+00 -2.745083097586233367e-01 4.732321367465127104e-01 2.336029343853799900e-01 -8.443932654207721156e-02
-1.473541656340534356e+00 -2.864434536611721871e-01 4.938074470398393645e-01 2.437595837064834570e-01 -8.811060160912405348e-02
-1.476761583621579055e+00 -2.983785975637209820e-01 5.143827573331659631e-01 2.539162330275869239e-01 -9.178187667617088152e-02
-1.479981510902623754e+00 -3.103137414662698323e-01 5.349580676264926726e-01 2.640728823486904187e-01 -9.545315174321772345e-02
-1.483201438183668230e+00 -3.222488853688186827e-01 5.555333779198192712e-01 2.742295316697939134e-01 -9.912442681026455149e-02
-1.486421365464712929e+00 -3.341840292713675331e-01 5.761086882131458697e-01 2.843861809908973526e-01 -1.027957018773113934e-01
-1.489641292745757628e+00 -3.461191731739163835e-01 5.966839985064725793e-01 2.945428303120008473e-01 -1.064669769443582215e-01
-1.492861220026802105e+00 -3.580543170764651784e-01 6.172593087997991779e-01 3.046994796331043420e-01 -1.101382520114050634e-01
-1.496081147307846804e+00 -3.699894609790140287e-01 6.378346190931258874e-01 3.148561289542077812e-01 -1.138095270784518914e-01
-1.499301074588891503e+00 -3.819246048815628791e-01 6.584099293864524860e-01 3.250127782753112760e-01 -1.174808021454987333e-01
-1.502521001869935979e+00 -3.938597487841117295e-01 6.789852396797790846e-01 3.351694275964147707e-01 -1.211520772125455753e-01
-1.505740929150980678e+00 -4.057948926866605799e-01 6.995605499731057941e-01 3.453260769175182099e-01 -1.248233522795924033e-01
-1.508960856432025155e+00 -4.177300365892093748e-01 7.201358602664323927e-01 3.554827262386217046e-01 -1.284946273466392452e-01
-1.512180783713069854e+00 -4.296651804917582251e-01 7.407111705597591023e-01 3.656393755597251993e-01 -1.321659024136860872e-01
-1.515400710994114553e+00 -4.416003243943070755e-01 7.612864808530857008e-01 3.757960248808286385e-01 -1.358371774807329013e-01
-1.518620638275159029e+00 -4.535354682968559259e-01 7.818617911464122994e-01 3.859526742019321333e-01 -1.395084525477797432e-01
-1.521840565556203728e+00 -4.654706121994047763e-01 8.024371014397390089e-01 3.961093235230356280e-01 -1.431797276148265852e-01
-1.525060492837248427e+00 -4.774057561019535711e-01 8.230124117330656075e-01 4.062659728441391227e-01 -1.468510026818734271e-01
-1.528280420118292904e+00 -4.893409000045024215e-01 8.435877220263922061e-01 4.164226221652425619e-01 -1.505222777489202413e-01
-1.531500347399337603e+00 -5.012760439070512719e-01 8.641630323197189156e-01 4.265792714863460566e-01 -1.541935528159670832e-01
-1.534720274680382079e+00 -5.132111878096000668e-01 8.847383426130455142e-01 4.367359208074495514e-01 -1.578648278830139251e-01
-1.537940201961426778e+00 -5.251463317121489727e-01 9.053136529063721127e-01 4.468925701285529906e-01 -1.615361029500607670e-01
-1.541160129242471477e+00 -5.370814756146977675e-01 9.258889631996988223e-01 4.570492194496564853e-01 -1.652073780171075812e-01
-1.544380056523515954e+00 -5.490166195172466734e-01 9.464642734930254209e-01 4.672058687707599800e-01 -1.688786530841544231e-01
-1.547599983804560653e+00 -5.609517634197954683e-01 9.670395837863521304e-01 4.773625180918634192e-01 -1.725499281512012650e-01
-1.550819911085605352e+00 -5.728869073223443742e-01 9.876148940796787290e-01 4.875191674129669139e-01 -1.762212032182481070e-01
-1.554039838366649828e+00 -5.848220512248931691e-01 1.008190204373005328e+00 4.976758167340704087e-01 -1.798924782852949489e-01
-1.557259765647694527e+00 -5.967571951274419639e-01 1.028765514666331926e+00 5.078324660551738479e-01 -1.835637533523417630e-01
-1.557259765647694527e+00 -5.967571951274419639e-01 1.028765514666331926e+00 5.078324660551738479e-01 -1.835637533523417630e-01
-1.538372371192729293e+00 -6.019013745996785181e-01 1.028204447146187306e+00 5.212135624720153348e-01 -1.873672741368174466e-01
-1.519484976737764059e+00 -6.070455540719150722e-01 1.027643379626042686e+00 5.345946588888567108e-01 -1.911707949212931301e-01
-1.500597582282799047e+00 -6.121897335441517374e-01 1.027082312105898287e+00 5.479757553056981978e-01 -1.949743157057688137e-01
-1.481710187827833813e+00 -6.173339130163882915e-01 1.026521244585753667e+00 5.613568517225395738e-01 -1.987778364902444972e-01
-1.462822793372868579e+00 -6.224780924886248457e-01 1.025960177065609047e+00 5.747379481393810607e-01 -2.025813572747201807e-01
-1.443935398917903346e+00 -6.276222719608613998e-01 1.025399109545464427e+00 5.881190445562224367e-01 -2.063848780591958643e-01
-1.425048004462938112e+00 -6.327664514330979539e-01 1.024838042025319806e+00 6.015001409730639237e-01 -2.101883988436715478e-01
-1.406160610007972878e+00 -6.379106309053346191e-01 1.024276974505175408e+00 6.148812373899052997e-01 -2.139919196281472313e-01
-1.387273215553007866e+00 -6.430548103775711732e-01 1.023715906985030788e+00 6.282623338067467866e-01 -2.177954404126228871e-01
-1.368385821098042632e+00 -6.481989898498077274e-01 1.023154839464886168e+00 6.416434302235881626e-01 -2.215989611970985984e-01
-1.349498426643077398e+00 -6.533431693220442815e-01 1.022593771944741547e+00 6.550245266404296496e-01 -2.254024819815742542e-01
-1.330611032188112164e+00 -6.584873487942809467e-01 1.022032704424596927e+00 6.684056230572710255e-01 -2.292060027660499655e-01
-1.311723637733146930e+00 -6.636315282665175008e-01 1.021471636904452529e+00 6.817867194741125125e-01 -2.330095235505256213e-01
-1.292836243278181918e+00 -6.687757077387540550e-01 1.020910569384307909e+00 6.951678158909538885e-01 -2.368130443350013048e-01
-1.273948848823216684e+00 -6.739198872109906091e-01 1.020349501864163289e+00 7.085489123077953755e-01 -2.406165651194769883e-01
-1.255061454368251450e+00 -6.790640666832272743e-01 1.019788434344018668e+00 7.219300087246367514e-01 -2.444200859039526719e-01
-1.236174059913286216e+00 -6.842082461554638284e-01 1.019227366823874048e+00 7.353111051414782384e-01 -2.482236066884283554e-01
-1.217286665458320982e+00 -6.893524256277003825e-01 1.018666299303729650e+00 7.486922015583196144e-01 -2.520271274729040112e-01
-1.198399271003355970e+00 -6.944966050999369367e-01 1.018105231783585030e+00 7.620732979751611014e-01 -2.558306482573797225e-01
-1.179511876548390736e+00 -6.996407845721734908e-01 1.017544164263440409e+00 7.754543943920024773e-01 -2.596341690418554338e-01
-1.160624482093425502e+00 -7.047849640444101560e-01 1.016983096743295789e+00 7.888354908088439643e-01 -2.634376898263310895e-01
-1.141737087638460268e+00 -7.099291435166467101e-01 1.016422029223151169e+00 8.022165872256854513e-01 -2.672412106108067453e-01
-1.122849693183495035e+00 -7.150733229888832643e-01 1.015860961703006771e+00 8.155976836425268273e-01 -2.710447313952824566e-01
-1.103962298728530023e+00 -7.202175024611198184e-01 1.015299894182862150e+00 8.289787800593682032e-01 -2.748482521797581679e-01
-1.085074904273564789e+00 -7.253616819333563726e-01 1.014738826662717530e+00 8.423598764762096902e-01 -2.786517729642338237e-01
-1.066187509818599555e+00 -7.305058614055930377e-01 1.014177759142572910e+00 8.557409728930511772e-01 -2.824552937487094795e-01
-1.047300115363634321e+00 -7.356500408778295919e-01 1.013616691622428290e+00 8.691220693098925532e-01 -2.862588145331851908e-01
-1.028412720908669087e+00 -7.407942203500661460e-01 1.013055624102283891e+00 8.825031657267339291e-01 -2.900623353176608465e-01
-1.009525326453704075e+00 -7.459383998223027001e-01 1.012494556582139271e+00 8.958842621435754161e-01 -2.938658561021365578e-01
-9.906379319987387300e-01 -7.510825792945392543e-01 1.011933489061994651e+00 9.092653585604169031e-01 -2.976693768866122136e-01
-9.717505375437736070e-01 -7.562267587667759194e-01 1.011372421541850031e+00 9.226464549772582791e-01 -3.014728976710879249e-01
-9.528631430888083731e-01 -7.613709382390124736e-01 1.010811354021705410e+00 9.360275513940996550e-01 -3.052764184555635807e-01
-9.339757486338431391e-01 -7.665151177112490277e-01 1.010250286501561012e+00 9.494086478109411420e-01 -3.090799392400392920e-01
-9.150883541788780162e-01 -7.716592971834856929e-01 1.009689218981416392e+00 9.627897442277826290e-01 -3.128834600245149478e-01
-8.962009597239127823e-01 -7.768034766557222470e-01 1.009128151461271772e+00 9.761708406446240049e-01 -3.166869808089906035e-01
-8.773135652689476593e-01 -7.819476561279588012e-01 1.008567083941127152e+00 9.895519370614653809e-01 -3.204905015934663148e-01
-8.584261708139824254e-01 -7.870918356001953553e-01 1.008006016420982531e+00 1.002933033478306868e+00 -3.242940223779420261e-01
-8.395387763590171915e-01 -7.922360150724319094e-01 1.007444948900838133e+00 1.016314129895148355e+00 -3.280975431624176819e-01
-8.206513819040520685e-01 -7.973801945446685746e-01 1.006883881380693513e+00 1.029695226311989842e+00 -3.319010639468933377e-01
-8.017639874490868346e-01 -8.025243740169051287e-01 1.006322813860548893e+00 1.043076322728831329e+00 -3.357045847313690490e-01
-7.828765929941216006e-01 -8.076685534891416829e-01 1.005761746340404272e+00 1.056457419145672594e+00 -3.395081055158447603e-01
-7.639891985391564777e-01 -8.128127329613782370e-01 1.005200678820259652e+00 1.069838515562514081e+00 -3.433116263003204160e-01
-7.451018040841912438e-01 -8.179569124336147912e-01 1.004639611300115254e+00 1.083219611979355346e+00 -3.471151470847960718e-01
-7.262144096292260098e-01 -8.231010919058514563e-01 1.004078543779970634e+00 1.096600708396196833e+00 -3.509186678692717831e-01
-7.073270151742608869e-01 -8.282452713780880105e-01 1.003517476259826013e+00 1.109981804813038320e+00 -3.547221886537474944e-01
-6.884396207192956529e-01 -8.333894508503245646e-01 1.002956408739681393e+00 1.123362901229879807e+00 -3.585257094382231502e-01
-6.695522262643305300e-01 -8.385336303225611188e-01 1.002395341219536773e+00 1.136743997646721294e+00 -3.623292302226988060e-01
-6.506648318093652961e-01 -8.436778097947976729e-01 1.001834273699392375e+00 1.150125094063562781e+00 -3.661327510071745173e-01
-6.317774373544000621e-01 -8.488219892670343381e-01 1.001273206179247754e+00 1.163506190480404046e+00 -3.699362717916502286e-01
-6.128900428994348282e-01 -8.539661687392708922e-01 1.000712138659103134e+00 1.176887286897245533e+00 -3.737397925761258843e-01
-6.128900428994348282e-01 -8.539661687392708922e-01 1.000712138659103134e+00 1.176887286897245533e+00 -3.737397925761258843e-01
-6.019422573275985400e-01 -8.513854775542283315e-01 1.002814483277749247e+00 1.171992014482224231e+00 -3.628779475360547346e-01
-5.909944717557621408e-01 -8.488047863691857708e-01 1.004916827896395359e+00 1.167096742067202930e+00 -3.520161024959835849e-01
-5.800466861839258526e-01 -8.462240951841432102e-01 1.007019172515041472e+00 1.162201469652181629e+00 -3.411542574559124352e-01
-5.690989006120894533e-01 -8.436434039991006495e-01 1.009121517133687584e+00 1.157306197237160550e+00 -3.302924124158412300e-01
-5.581511150402531651e-01 -8.410627128140580888e-01 1.011223861752333697e+00 1.152410924822139249e+00 -3.194305673757700803e-01
-5.472033294684168769e-01 -8.384820216290155281e-01 1.013326206370979810e+00 1.147515652407117948e+00 -3.085687223356989306e-01
-5.362555438965804777e-01 -8.359013304439728564e-01 1.015428550989625922e+00 1.142620379992096646e+00 -2.977068772956277809e-01
-5.253077583247441895e-01 -8.333206392589302958e-01 1.017530895608272035e+00 1.137725107577075345e+00 -2.868450322555566312e-01
-5.143599727529077903e-01 -8.307399480738877351e-01 1.019633240226918147e+00 1.132829835162054044e+00 -2.759831872154854260e-01
-5.034121871810715021e-01 -8.281592568888451744e-01 1.021735584845564260e+00 1.127934562747032965e+00 -2.651213421754142763e-01
-4.924644016092351584e-01 -8.255785657038026137e-01 1.023837929464210372e+00 1.123039290332011664e+00 -2.542594971353431266e-01
-4.815166160373988147e-01 -8.229978745187600531e-01 1.025940274082856485e+00 1.118144017916990363e+00 -2.433976520952719769e-01
-4.705688304655625265e-01 -8.204171833337174924e-01 1.028042618701502597e+00 1.113248745501969061e+00 -2.325358070552008272e-01
-4.596210448937261273e-01 -8.178364921486749317e-01 1.030144963320148932e+00 1.108353473086947760e+00 -2.216739620151296775e-01
-4.486732593218898391e-01 -8.152558009636323710e-01 1.032247307938795045e+00 1.103458200671926459e+00 -2.108121169750585000e-01
-4.377254737500534953e-01 -8.126751097785898104e-01 1.034349652557441157e+00 1.098562928256905380e+00 -1.999502719349873503e-01
-4.267776881782171516e-01 -8.100944185935472497e-01 1.036451997176087270e+00 1.093667655841884079e+00 -1.890884268949162006e-01
-4.158299026063808634e-01 -8.075137274085046890e-01 1.038554341794733382e+00 1.088772383426862778e+00 -1.782265818548450231e-01
-4.048821170345444642e-01 -8.049330362234621283e-01 1.040656686413379495e+00 1.083877111011841476e+00 -1.673647368147738734e-01
-3.939343314627081760e-01 -8.023523450384194566e-01 1.042759031032025607e+00 1.078981838596820175e+00 -1.565028917747027237e-01
-3.829865458908718323e-01 -7.997716538533768960e-01 1.044861375650671720e+00 1.074086566181798874e+00 -1.456410467346315463e-01
-3.720387603190354886e-01 -7.971909626683343353e-01 1.046963720269317832e+00 1.069191293766777573e+00 -1.347792016945603966e-01
-3.610909747471991449e-01 -7.946102714832917746e-01 1.049066064887963945e+00 1.064296021351756494e+00 -1.239173566544892469e-01
-3.501431891753628012e-01 -7.920295802982492139e-01 1.051168409506610057e+00 1.059400748936735193e+00 -1.130555116144180694e-01
-3.391954036035265130e-01 -7.894488891132066533e-01 1.053270754125256170e+00 1.054505476521713891e+00 -1.021936665743469197e-01
-3.282476180316901693e-01 -7.868681979281640926e-01 1.055373098743902283e+00 1.049610204106692590e+00 -9.133182153427576999e-02
-3.172998324598538256e-01 -7.842875067431215319e-01 1.057475443362548395e+00 1.044714931691671289e+00 -8.046997649420462029e-02
-3.063520468880174819e-01 -7.817068155580789712e-01 1.059577787981194508e+00 1.039819659276650210e+00 -6.960813145413347058e-02
-2.954042613161811381e-01 -7.791261243730364106e-01 1.061680132599840620e+00 1.034924386861628909e+00 -5.874628641406226537e-02
-2.844564757443448499e-01 -7.765454331879938499e-01 1.063782477218486733e+00 1.030029114446607608e+00 -4.788444137399111566e-02
-2.735086901725085062e-01 -7.739647420029512892e-01 1.065884821837132845e+00 1.025133842031586306e+00 -3.702259633391996596e-02
-2.625609046006721625e-01 -7.713840508179086175e-01 1.067987166455778958e+00 1.020238569616565005e+00 -2.616075129384881626e-02
-2.516131190288358188e-01 -7.688033596328660568e-01 1.070089511074425070e+00 1.015343297201543704e+00 -1.529890625377766655e-02
-2.406653334569994751e-01 -7.662226684478234962e-01 1.072191855693071183e+00 1.010448024786522403e+00 -4.437061213706516849e-03
-2.297175478851631869e-01 -7.636419772627809355e-01 1.074294200311717296e+00 1.005552752371501324e+00 6.424783826364632855e-03
-2.187697623133268432e-01 -7.610612860777383748e-01 1.076396544930363408e+00 1.000657479956480023e+00 1.728662886643583807e-02
-2.078219767414904995e-01 -7.584805948926958141e-01 1.078498889549009521e+00 9.957622075414587215e-01 2.814847390650698777e-02
-1.968741911696541558e-01 -7.558999037076532534e-01 1.080601234167655633e+00 9.908669351264374203e-01 3.901031894657813748e-02
-1.859264055978178121e-01 -7.533192125226106928e-01 1.082703578786301968e+00 9.859716627114161192e-01 4.987216398664928718e-02
-1.749786200259815239e-01 -7.507385213375681321e-01 1.084805923404948080e+00 9.810763902963949290e-01 6.073400902672043689e-02
-1.640308344541451802e-01 -7.481578301525255714e-01 1.086908268023594193e+00 9.761811178813736278e-01 7.159585406679158659e-02
-1.530830488823088364e-01 -7.455771389674830107e-01 1.089010612642240305e+00 9.712858454663524377e-01 8.245769910686279180e-02
-1.421352633104724927e-01 -7.429964477824404501e-01 1.091112957260886418e+00 9.663905730513311365e-01 9.331954414693394151e-02
-1.311874777386361490e-01 -7.404157565973978894e-01 1.093215301879532531e+00 9.614953006363098353e-01 1.041813891870050912e-01
-1.202396921667998053e-01 -7.378350654123553287e-01 1.095317646498178643e+00 9.566000282212885342e-01 1.150432342270762409e-01
-1.092919065949634616e-01 -7.352543742273126570e-01 1.097419991116824756e+00 9.517047558062673440e-01 1.259050792671473906e-01
-9.834412102312717341e-02 -7.326736830422700963e-01 1.099522335735470868e+00 9.468094833912460428e-01 1.367669243072185958e-01
-8.739633545129077419e-02 -7.300929918572275357e-01 1.101624680354116981e+00 9.419142109762248527e-01 1.476287693472897455e-01
-7.644854987945448599e-02 -7.275123006721849750e-01 1.103727024972763093e+00 9.370189385612035515e-01 1.584906143873608952e-01
-6.550076430761819779e-02 -7.249316094871424143e-01 1.105829369591409206e+00 9.321236661461822504e-01 1.693524594274320449e-01
-6.550076430761819779e-02 -7.249316094871424143e-01 1.105829369591409206e+00 9.321236661461822504e-01 1.693524594274320449e-01
-6.207981541942332593e-02 -7.148186340335840327e-01 1.101342562097122002e+00 9.241874438784432044e-01 1.812844179736435579e-01
-5.865886653122845407e-02 -7.047056585800257622e-01 1.096855754602834576e+00 9.162512216107041585e-01 1.932163765198550709e-01
-5.523791764303358220e-02 -6.945926831264674917e-01 1.092368947108547372e+00 9.083149993429651126e-01 2.051483350660665561e-01
-5.181696875483871034e-02 -6.844797076729091101e-01 1.087882139614260169e+00 9.003787770752261777e-01 2.170802936122780691e-01
-4.839601986664383848e-02 -6.743667322193507285e-01 1.083395332119972743e+00 8.924425548074871317e-01 2.290122521584895821e-01
-4.497507097844896662e-02 -6.642537567657924580e-01 1.078908524625685539e+00 8.845063325397480858e-01 2.409442107047010673e-01
-4.155412209025409476e-02 -6.541407813122341874e-01 1.074421717131398335e+00 8.765701102720090399e-01 2.528761692509126080e-01
-3.813317320205922289e-02 -6.440278058586758059e-01 1.069934909637110909e+00 8.686338880042699939e-01 2.648081277971240932e-01
-3.471222431386435103e-02 -6.339148304051174243e-01 1.065448102142823705e+00 8.606976657365309480e-01 2.767400863433355784e-01
-3.129127542566947223e-02 -6.238018549515591538e-01 1.060961294648536279e+00 8.527614434687920131e-01 2.886720448895471192e-01
-2.787032653747460037e-02 -6.136888794980008832e-01 1.056474487154249076e+00 8.448252212010529671e-01 3.006040034357586044e-01
-2.444937764927972851e-02 -6.035759040444425017e-01 1.051987679659961872e+00 8.368889989333139212e-01 3.125359619819700896e-01
-2.102842876108485665e-02 -5.934629285908841201e-01 1.047500872165674446e+00 8.289527766655748753e-01 3.244679205281816303e-01
-1.760747987288998478e-02 -5.833499531373258495e-01 1.043014064671387242e+00 8.210165543978358293e-01 3.363998790743931155e-01
-1.418653098469511292e-02 -5.732369776837675790e-01 1.038527257177100038e+00 8.130803321300967834e-01 3.483318376206046008e-01
-1.076558209650024106e-02 -5.631240022302091974e-01 1.034040449682812612e+00 8.051441098623577375e-01 3.602637961668161415e-01
-7.344633208305369199e-03 -5.530110267766508159e-01 1.029553642188525409e+00 7.972078875946188026e-01 3.721957547130276822e-01
-3.923684320110497337e-03 -5.428980513230925453e-01 1.025066834694237983e+00 7.892716653268797566e-01 3.841277132592391674e-01
-5.027354319156185358e-04 -5.327850758695342748e-01 1.020580027199950779e+00 7.813354430591407107e-01 3.960596718054506526e-01
2.918213456279253326e-03 -5.226721004159758932e-01 1.016093219705663575e+00 7.733992207914016648e-01 4.079916303516621934e-01
6.339162344474125188e-03 -5.125591249624175116e-01 1.011606412211376149e+00 7.654629985236626188e-01 4.199235888978736786e-01
9.760111232668997050e-03 -5.024461495088592411e-01 1.007119604717088945e+00 7.575267762559236839e-01 4.318555474440851638e-01
1.318106012086386891e-02 -4.923331740553009150e-01 1.002632797222801742e+00 7.495905539881846380e-01 4.437875059902967045e-01
1.660200900905874077e-02 -4.822201986017425890e-01 9.981459897285144267e-01 7.416543317204455921e-01 4.557194645365081898e-01
2.002295789725361264e-02 -4.721072231481842629e-01 9.936591822342271119e-01 7.337181094527065461e-01 4.676514230827196750e-01
2.344390678544848450e-02 -4.619942476946259369e-01 9.891723747399397970e-01 7.257818871849675002e-01 4.795833816289312157e-01
2.686485567364335636e-02 -4.518812722410676108e-01 9.846855672456525932e-01 7.178456649172284543e-01 4.915153401751427009e-01
3.028580456183822822e-02 -4.417682967875092848e-01 9.801987597513652783e-01 7.099094426494894083e-01 5.034472987213541861e-01
3.370675345003310008e-02 -4.316553213339509587e-01 9.757119522570779635e-01 7.019732203817503624e-01 5.153792572675657269e-01
3.712770233822797195e-02 -4.215423458803926327e-01 9.712251447627906487e-01 6.940369981140114275e-01 5.273112158137771566e-01
4.054865122642284381e-02 -4.114293704268343066e-01 9.667383372685034448e-01 6.861007758462723816e-01 5.392431743599888083e-01
4.396960011461771567e-02 -4.013163949732759805e-01 9.622515297742161300e-01 6.781645535785333356e-01 5.511751329062002380e-01
4.739054900281258753e-02 -3.912034195197176545e-01 9.577647222799288151e-01 6.702283313107942897e-01 5.631070914524116677e-01
5.081149789100745939e-02 -3.810904440661593284e-01 9.532779147856416113e-01 6.622921090430553548e-01 5.750390499986233195e-01
5.423244677920233126e-02 -3.709774686126010024e-01 9.487911072913542965e-01 6.543558867753163089e-01 5.869710085448347492e-01
5.765339566739720312e-02 -3.608644931590426763e-01 9.443042997970669816e-01 6.464196645075772629e-01 5.989029670910462899e-01
6.107434455559207498e-02 -3.507515177054843503e-01 9.398174923027797778e-01 6.384834422398382170e-01 6.108349256372578306e-01
6.449529344378696072e-02 -3.406385422519260242e-01 9.353306848084924630e-01 6.305472199720991711e-01 6.227668841834692603e-01
6.791624233198181870e-02 -3.305255667983676982e-01 9.308438773142051481e-01 6.226109977043601251e-01 6.346988427296808011e-01
7.133719122017670444e-02 -3.204125913448093721e-01 9.263570698199178333e-01 6.146747754366210792e-01 6.466308012758923418e-01
7.475814010837156243e-02 -3.102996158912510460e-01 9.218702623256305184e-01 6.067385531688820333e-01 6.585627598221037715e-01
7.817908899656644817e-02 -3.001866404376927200e-01 9.173834548313433146e-01 5.988023309011429873e-01 6.704947183683153122e-01
8.160003788476130615e-02 -2.900736649841343939e-01 9.128966473370559997e-01 5.908661086334039414e-01 6.824266769145268530e-01
8.502098677295619189e-02 -2.799606895305760679e-01 9.084098398427686849e-01 5.829298863656650065e-01 6.943586354607382827e-01
8.844193566115104987e-02 -2.698477140770177418e-01 9.039230323484814811e-01 5.749936640979259606e-01 7.062905940069498234e-01
9.186288454934593561e-02 -2.597347386234594158e-01 8.994362248541941662e-01 5.670574418301869146e-01 7.182225525531613641e-01
9.528383343754079360e-02 -2.496217631699010897e-01 8.949494173599068514e-01 5.591212195624479797e-01 7.301545110993727938e-01
9.870478232573567934e-02 -2.395087877163427637e-01 8.904626098656196476e-01 5.511849972947089338e-01 7.420864696455843346e-01
1.021257312139305373e-01 -2.293958122627844376e-01 8.859758023713323327e-01 5.432487750269698878e-01 7.540184281917958753e-01
1.055466801021254231e-01 -2.192828368092261115e-01 8.814889948770450179e-01 5.353125527592308419e-01 7.659503867380073050e-01
1.055466801021254231e-01 -2.192828368092261115e-01 8.814889948770450179e-01 5.353125527592308419e-01 7.659503867380073050e-01
1.050184625281843087e-01 -2.167508925493355776e-01 8.847337522038940527e-01 5.308957072463288407e-01 7.668872367465920936e-01
1.044902449542431944e-01 -2.142189482894450159e-01 8.879785095307430876e-01 5.264788617334267284e-01 7.678240867551768822e-01
1.039620273803020800e-01 -2.116870040295544819e-01 8.912232668575921224e-01 5.220620162205247272e-01 7.687609367637616709e-01
1.034338098063609795e-01 -2.091550597696639480e-01 8.944680241844411572e-01 5.176451707076226150e-01 7.696977867723464595e-01
1.029055922324198652e-01 -2.066231155097733863e-01 8.977127815112901921e-01 5.132283251947206137e-01 7.706346367809312481e-01
1.023773746584787508e-01 -2.040911712498828523e-01 9.009575388381392269e-01 5.088114796818185015e-01 7.715714867895160367e-01
1.018491570845376365e-01 -2.015592269899922906e-01 9.042022961649881507e-01 5.043946341689165003e-01 7.725083367981008253e-01
1.013209395105965221e-01 -1.990272827301017566e-01 9.074470534918371856e-01 4.999777886560144435e-01 7.734451868066856139e-01
1.007927219366554078e-01 -1.964953384702112227e-01 9.106918108186862204e-01 4.955609431431123868e-01 7.743820368152704026e-01
1.002645043627143073e-01 -1.939633942103206610e-01 9.139365681455352552e-01 4.911440976302103301e-01 7.753188868238551912e-01
9.973628678877319298e-02 -1.914314499504301270e-01 9.171813254723842901e-01 4.867272521173082733e-01 7.762557368324399798e-01
9.920806921483207863e-02 -1.888995056905395931e-01 9.204260827992333249e-01 4.823104066044062721e-01 7.771925868410247684e-01
9.867985164089096428e-02 -1.863675614306490314e-01 9.236708401260823598e-01 4.778935610915042154e-01 7.781294368496094460e-01
9.815163406694984993e-02 -1.838356171707584974e-01 9.269155974529313946e-01 4.734767155786021586e-01 7.790662868581942346e-01
9.762341649300873558e-02 -1.813036729108679634e-01 9.301603547797804294e-01 4.690598700657001019e-01 7.800031368667790233e-01
9.709519891906762123e-02 -1.787717286509774017e-01 9.334051121066294643e-01 4.646430245527980452e-01 7.809399868753638119e-01
9.656698134512652076e-02 -1.762397843910868678e-01 9.366498694334784991e-01 4.602261790398959884e-01 7.818768368839486005e-01
9.603876377118540641e-02 -1.737078401311963338e-01 9.398946267603275340e-01 4.558093335269939317e-01 7.828136868925333891e-01
9.551054619724429207e-02 -1.711758958713057721e-01 9.431393840871764578e-01 4.513924880140919305e-01 7.837505369011181777e-01
9.498232862330317772e-02 -1.686439516114152382e-01 9.463841414140254926e-01 4.469756425011898182e-01 7.846873869097029663e-01
9.445411104936206337e-02 -1.661120073515247042e-01 9.496288987408745275e-01 4.425587969882878170e-01 7.856242369182877550e-01
9.392589347542096290e-02 -1.635800630916341425e-01 9.528736560677235623e-01 4.381419514753857603e-01 7.865610869268725436e-01
9.339767590147984855e-02 -1.610481188317436085e-01 9.561184133945725971e-01 4.337251059624837035e-01 7.874979369354573322e-01
9.286945832753873420e-02 -1.585161745718530746e-01 9.593631707214216320e-01 4.293082604495816468e-01 7.884347869440421208e-01
9.234124075359761985e-02 -1.559842303119625129e-01 9.626079280482706668e-01 4.248914149366795900e-01 7.893716369526269094e-01
9.181302317965650550e-02 -1.534522860520719512e-01 9.658526853751197017e-01 4.204745694237775333e-01 7.903084869612116981e-01
9.128480560571539115e-02 -1.509203417921814450e-01 9.690974427019687365e-01 4.160577239108754766e-01 7.912453369697964867e-01
9.075658803177427680e-02 -1.483883975322908833e-01 9.723422000288177713e-01 4.116408783979734753e-01 7.921821869783812753e-01
9.022837045783316245e-02 -1.458564532724003215e-01 9.755869573556668062e-01 4.072240328850713631e-01 7.931190369869660639e-01
8.970015288389206198e-02 -1.433245090125097876e-01 9.788317146825158410e-01 4.028071873721693619e-01 7.940558869955508525e-01
8.917193530995094763e-02 -1.407925647526192536e-01 9.820764720093648759e-01 3.983903418592673051e-01 7.949927370041356411e-01
8.864371773600983329e-02 -1.382606204927286919e-01 9.853212293362139107e-01 3.939734963463652484e-01 7.959295870127204298e-01
8.811550016206871894e-02 -1.357286762328381580e-01 9.885659866630628345e-01 3.895566508334631917e-01 7.968664370213052184e-01
8.758728258812760459e-02 -1.331967319729476240e-01 9.918107439899118694e-01 3.851398053205611349e-01 7.978032870298900070e-01
8.705906501418650412e-02 -1.306647877130570623e-01 9.950555013167609042e-01 3.807229598076591337e-01 7.987401370384747956e-01
8.653084744024538977e-02 -1.281328434531665283e-01 9.983002586436099390e-01 3.763061142947570215e-01 7.996769870470595842e-01
8.600262986630427542e-02 -1.256008991932759944e-01 1.001545015970459085e+00 3.718892687818550202e-01 8.006138370556443729e-01
8.547441229236316107e-02 -1.230689549333854466e-01 1.004789773297308120e+00 3.674724232689529635e-01 8.015506870642290504e-01
8.494619471842204672e-02 -1.205370106734948987e-01 1.008034530624156933e+00 3.630555777560509068e-01 8.024875370728138391e-01
8.441797714448093237e-02 -1.180050664136043509e-01 1.011279287951006189e+00 3.586387322431488500e-01 8.034243870813986277e-01
8.388975957053981802e-02 -1.154731221537138169e-01 1.014524045277855002e+00 3.542218867302467933e-01 8.043612370899834163e-01
8.336154199659870367e-02 -1.129411778938232691e-01 1.017768802604704037e+00 3.498050412173447365e-01 8.052980870985682049e-01
8.283332442265760320e-02 -1.104092336339327213e-01 1.021013559931553072e+00 3.453881957044426798e-01 8.062349371071529935e-01
8.230510684871648885e-02 -1.078772893740421734e-01 1.024258317258402107e+00 3.409713501915406786e-01 8.071717871157377822e-01
8.177688927477537451e-02 -1.053453451141516395e-01 1.027503074585251142e+00 3.365545046786385663e-01 8.081086371243225708e-01
8.124867170083426016e-02 -1.028134008542610917e-01 1.030747831912100176e+00 3.321376591657365651e-01 8.090454871329073594e-01
8.072045412689314581e-02 -1.002814565943705438e-01 1.033992589238949211e+00 3.277208136528345084e-01 8.099823371414921480e-01
8.019223655295204534e-02 -9.774951233448000987e-02 1.037237346565798246e+00 3.233039681399324516e-01 8.109191871500769366e-01
7.966401897901093099e-02 -9.521756807458946203e-02 1.040482103892647281e+00 3.188871226270303949e-01 8.118560371586617253e-01
7.913580140506981664e-02 -9.268562381469891420e-02 1.043726861219496316e+00 3.144702771141283382e-01 8.127928871672465139e-01
7.913580140506981664e-02 -9.268562381469891420e-02 1.043726861219496316e+00 3.144702771141283382e-01 8.127928871672465139e-01
7.782135256288964797e-02 -9.100544832752793800e-02 1.040715240128733399e+00 2.950945058980902758e-01 8.158523552676844037e-01
7.650690372070949319e-02 -8.932527284035697568e-02 1.037703619037970482e+00 2.757187346820521578e-01 8.189118233681222936e-01
7.519245487852932452e-02 -8.764509735318599948e-02 1.034691997947207565e+00 2.563429634660140399e-01 8.219712914685602945e-01
7.387800603634916974e-02 -8.596492186601503716e-02 1.031680376856444648e+00 2.369671922499759775e-01 8.250307595689981843e-01
7.256355719416900107e-02 -8.428474637884406095e-02 1.028668755765681730e+00 2.175914210339378874e-01 8.280902276694360742e-01
7.124910835198884629e-02 -8.260457089167309863e-02 1.025657134674918813e+00 1.982156498178997972e-01 8.311496957698739640e-01
6.993465950980867762e-02 -8.092439540450212243e-02 1.022645513584155896e+00 1.788398786018617070e-01 8.342091638703119649e-01
6.862021066762852284e-02 -7.924421991733116011e-02 1.019633892493392979e+00 1.594641073858236169e-01 8.372686319707498548e-01
6.730576182544835417e-02 -7.756404443016018391e-02 1.016622271402630062e+00 1.400883361697855267e-01 8.403281000711877446e-01
6.599131298326818551e-02 -7.588386894298922158e-02 1.013610650311867145e+00 1.207125649537474366e-01 8.433875681716256345e-01
6.467686414108803072e-02 -7.420369345581824538e-02 1.010599029221104228e+00 1.013367937377093464e-01 8.464470362720636354e-01
6.336241529890786206e-02 -7.252351796864728306e-02 1.007587408130341311e+00 8.196102252167125624e-02 8.495065043725015252e-01
6.204796645672770727e-02 -7.084334248147630686e-02 1.004575787039578394e+00 6.258525130563319383e-02 8.525659724729394151e-01
6.073351761454753861e-02 -6.916316699430534454e-02 1.001564165948815255e+00 4.320948008959507591e-02 8.556254405733773050e-01
5.941906877236737688e-02 -6.748299150713436834e-02 9.985525448580524488e-01 2.383370887355695800e-02 8.586849086738153058e-01
5.810461993018721516e-02 -6.580281601996340601e-02 9.955409237672895317e-01 4.457937657518895591e-03 8.617443767742531957e-01
5.679017108800705343e-02 -6.412264053279242981e-02 9.925293026765266147e-01 -1.491783355851916681e-02 8.648038448746910856e-01
5.547572224582689171e-02 -6.244246504562146749e-02 9.895176815857636976e-01 -3.429360477455728473e-02 8.678633129751289754e-01
5.416127340364672305e-02 -6.076228955845049129e-02 9.865060604950006695e-01 -5.366937599059540265e-02 8.709227810755668653e-01
5.284682456146656826e-02 -5.908211407127952203e-02 9.834944394042377525e-01 -7.304514720663346505e-02 8.739822491760048662e-01
5.153237571928639960e-02 -5.740193858410855277e-02 9.804828183134748354e-01 -9.242091842267152746e-02 8.770417172764427560e-01
5.021792687710623787e-02 -5.572176309693758350e-02 9.774711972227119183e-01 -1.117966896387096454e-01 8.801011853768806459e-01
4.890347803492607615e-02 -5.404158760976661424e-02 9.744595761319490013e-01 -1.311724608547477633e-01 8.831606534773186468e-01
4.758902919274591442e-02 -5.236141212259564498e-02 9.714479550411860842e-01 -1.505482320707858257e-01 8.862201215777565366e-01
4.627458035056575270e-02 -5.068123663542467572e-02 9.684363339504231671e-01 -1.699240032868238881e-01 8.892795896781944265e-01
4.496013150838559097e-02 -4.900106114825370646e-02 9.654247128596602501e-01 -1.892997745028619505e-01 8.923390577786323163e-01
4.364568266620542925e-02 -4.732088566108273719e-02 9.624130917688973330e-01 -2.086755457189001239e-01 8.953985258790702062e-01
4.233123382402526058e-02 -4.564071017391176793e-02 9.594014706781344159e-01 -2.280513169349381863e-01 8.984579939795082071e-01
4.101678498184509886e-02 -4.396053468674079867e-02 9.563898495873714989e-01 -2.474270881509762487e-01 9.015174620799460969e-01
3.970233613966493713e-02 -4.228035919956982941e-02 9.533782284966085818e-01 -2.668028593670144222e-01 9.045769301803839868e-01
3.838788729748477541e-02 -4.060018371239886015e-02 9.503666074058456648e-01 -2.861786305830524846e-01 9.076363982808218767e-01
3.707343845530461368e-02 -3.892000822522789089e-02 9.473549863150827477e-01 -3.055544017990905470e-01 9.106958663812598775e-01
3.575898961312445196e-02 -3.723983273805692162e-02 9.443433652243197196e-01 -3.249301730151286094e-01 9.137553344816977674e-01
3.444454077094429023e-02 -3.555965725088595236e-02 9.413317441335568025e-01 -3.443059442311666718e-01 9.168148025821356573e-01
3.313009192876412851e-02 -3.387948176371498310e-02 9.383201230427938855e-01 -3.636817154472048452e-01 9.198742706825735471e-01
3.181564308658396678e-02 -3.219930627654401384e-02 9.353085019520309684e-01 -3.830574866632429076e-01 9.229337387830115480e-01
3.050119424440379812e-02 -3.051913078937304458e-02 9.322968808612680514e-01 -4.024332578792809700e-01 9.259932068834494379e-01
2.918674540222363639e-02 -2.883895530220206838e-02 9.292852597705051343e-01 -4.218090290953191435e-01 9.290526749838873277e-01
2.787229656004347467e-02 -2.715877981503110605e-02 9.262736386797422172e-01 -4.411848003113572059e-01 9.321121430843252176e-01
2.655784771786331294e-02 -2.547860432786012985e-02 9.232620175889793002e-01 -4.605605715273952683e-01 9.351716111847632185e-01
2.524339887568315122e-02 -2.379842884068916753e-02 9.202503964982163831e-01 -4.799363427434333307e-01 9.382310792852011083e-01
2.392895003350298949e-02 -2.211825335351819133e-02 9.172387754074534660e-01 -4.993121139594713931e-01 9.412905473856389982e-01
2.261450119132282777e-02 -2.043807786634722901e-02 9.142271543166905490e-01 -5.186878851755095665e-01 9.443500154860768880e-01
2.130005234914265910e-02 -1.875790237917625281e-02 9.112155332259275209e-01 -5.380636563915476289e-01 9.474094835865147779e-01
1.998560350696249738e-02 -1.707772689200529048e-02 9.082039121351646038e-01 -5.574394276075856913e-01 9.504689516869527788e-01
1.867115466478233565e-02 -1.539755140483431428e-02 9.051922910444016868e-01 -5.768151988236238648e-01 9.535284197873906686e-01
1.735670582260217393e-02 -1.371737591766335196e-02 9.021806699536387697e-01 -5.961909700396619272e-01 9.565878878878285585e-01
1.604225698042201220e-02 -1.203720043049237576e-02 8.991690488628758526e-01 -6.155667412556999896e-01 9.596473559882665594e-01
1.472780813824184354e-02 -1.035702494332141343e-02 8.961574277721129356e-01 -6.349425124717380520e-01 9.627068240887044492e-01
1.341335929606168875e-02 -8.676849456150437234e-03 8.931458066813500185e-01 -6.543182836877761144e-01 9.657662921891423391e-01
1.341335929606168875e-02 -8.676849456150437234e-03 8.931458066813500185e-01 -6.543182836877761144e-01 9.657662921891423391e-01
1.120264468263197644e-02 -2.381579343051925396e-03 8.786771979434895297e-01 -6.555289903361607440e-01 9.567180303578081135e-01
8.991930069202264120e-03 3.913690770046586442e-03 8.642085892056290408e-01 -6.567396969845452626e-01 9.476697685264738880e-01
6.781215455772553538e-03 1.020896088314509828e-02 8.497399804677685520e-01 -6.579504036329298922e-01 9.386215066951395514e-01
4.570500842342841222e-03 1.650423099624361012e-02 8.352713717299080631e-01 -6.591611102813145218e-01 9.295732448638053258e-01
2.359786228913128905e-03 2.279950110934211849e-02 8.208027629920476853e-01 -6.603718169296990403e-01 9.205249830324711002e-01
1.490716154834183238e-04 2.909477122244063380e-02 8.063341542541871965e-01 -6.615825235780836699e-01 9.114767212011368747e-01
-2.061642997946293993e-03 3.539004133553914910e-02 7.918655455163267076e-01 -6.627932302264682995e-01 9.024284593698026491e-01
-4.272357611376006309e-03 4.168531144863765747e-02 7.773969367784662188e-01 -6.640039368748528181e-01 8.933801975384683125e-01
-6.483072224805718625e-03 4.798058156173616584e-02 7.629283280406057299e-01 -6.652146435232374477e-01 8.843319357071340869e-01
-8.693786838235430942e-03 5.427585167483467421e-02 7.484597193027452411e-01 -6.664253501716220773e-01 8.752836738757998614e-01
-1.090450145166514326e-02 6.057112178793319646e-02 7.339911105648848633e-01 -6.676360568200065959e-01 8.662354120444656358e-01
-1.311521606509485210e-02 6.686639190103170483e-02 7.195225018270243744e-01 -6.688467634683912255e-01 8.571871502131314102e-01
-1.532593067852456442e-02 7.316166201413021319e-02 7.050538930891638856e-01 -6.700574701167758551e-01 8.481388883817970736e-01
-1.753664529195427674e-02 7.945693212722873544e-02 6.905852843513033967e-01 -6.712681767651603737e-01 8.390906265504628481e-01
-1.974735990538398905e-02 8.575220224032724381e-02 6.761166756134429079e-01 -6.724788834135450033e-01 8.300423647191286225e-01
-2.195807451881370137e-02 9.204747235342575218e-02 6.616480668755824190e-01 -6.736895900619296329e-01 8.209941028877943969e-01
-2.416878913224341369e-02 9.834274246652426055e-02 6.471794581377219302e-01 -6.749002967103141515e-01 8.119458410564601714e-01
-2.637950374567312600e-02 1.046380125796227689e-01 6.327108493998614414e-01 -6.761110033586987811e-01 8.028975792251258348e-01
-2.859021835910283832e-02 1.109332826927212912e-01 6.182422406620009525e-01 -6.773217100070834107e-01 7.938493173937916092e-01
-3.080093297253255064e-02 1.172285528058197857e-01 6.037736319241404637e-01 -6.785324166554679293e-01 7.848010555624573836e-01
-3.301164758596226295e-02 1.235238229189183079e-01 5.893050231862799748e-01 -6.797431233038525589e-01 7.757527937311231581e-01
-3.522236219939197527e-02 1.298190930320168301e-01 5.748364144484195970e-01 -6.809538299522371885e-01 7.667045318997889325e-01
-3.743307681282168758e-02 1.361143631451153246e-01 5.603678057105591082e-01 -6.821645366006217071e-01 7.576562700684545959e-01
-3.964379142625139296e-02 1.424096332582138469e-01 5.458991969726986193e-01 -6.833752432490063367e-01 7.486080082371203703e-01
-4.185450603968110528e-02 1.487049033713123691e-01 5.314305882348381305e-01 -6.845859498973909663e-01 7.395597464057861448e-01
-4.406522065311081759e-02 1.550001734844108636e-01 5.169619794969776416e-01 -6.857966565457754848e-01 7.305114845744519192e-01
-4.627593526654052991e-02 1.612954435975093859e-01 5.024933707591172638e-01 -6.870073631941601144e-01 7.214632227431176936e-01
-4.848664987997024223e-02 1.675907137106079081e-01 4.880247620212567194e-01 -6.882180698425446330e-01 7.124149609117833570e-01
-5.069736449339995454e-02 1.738859838237064026e-01 4.735561532833962306e-01 -6.894287764909292626e-01 7.033666990804491315e-01
-5.290807910682966686e-02 1.801812539368049249e-01 4.590875445455357973e-01 -6.906394831393138922e-01 6.943184372491149059e-01
-5.511879372025937918e-02 1.864765240499034193e-01 4.446189358076753084e-01 -6.918501897876984108e-01 6.852701754177805693e-01
-5.732950833368909149e-02 1.927717941630019416e-01 4.301503270698148196e-01 -6.930608964360830404e-01 6.762219135864464548e-01
-5.954022294711880381e-02 1.990670642761004638e-01 4.156817183319543307e-01 -6.942716030844676700e-01 6.671736517551121182e-01
-6.175093756054851613e-02 2.053623343891989583e-01 4.012131095940938419e-01 -6.954823097328521886e-01 6.581253899237778926e-01
-6.396165217397822844e-02 2.116576045022974806e-01 3.867445008562333530e-01 -6.966930163812368182e-01 6.490771280924436670e-01
-6.617236678740794076e-02 2.179528746153959751e-01 3.722758921183728642e-01 -6.979037230296214478e-01 6.400288662611093304e-01
-6.838308140083765307e-02 2.242481447284944973e-01 3.578072833805124864e-01 -6.991144296780059664e-01 6.309806044297752159e-01
-7.059379601426736539e-02 2.305434148415930196e-01 3.433386746426519975e-01 -7.003251363263905960e-01 6.219323425984408793e-01
-7.280451062769707771e-02 2.368386849546915141e-01 3.288700659047915087e-01 -7.015358429747752256e-01 6.128840807671066537e-01
-7.501522524112679002e-02 2.431339550677900085e-01 3.144014571669310198e-01 -7.027465496231597442e-01 6.038358189357724282e-01
-7.722593985455650234e-02 2.494292251808885585e-01 2.999328484290705310e-01 -7.039572562715443738e-01 5.947875571044380916e-01
-7.943665446798621466e-02 2.557244952939870530e-01 2.854642396912100422e-01 -7.051679629199290034e-01 5.857392952731039770e-01
-8.164736908141592697e-02 2.620197654070855475e-01 2.709956309533495533e-01 -7.063786695683135219e-01 5.766910334417696404e-01
-8.385808369484563929e-02 2.683150355201840975e-01 2.565270222154891755e-01 -7.075893762166981515e-01 5.676427716104354149e-01
-8.606879830827535161e-02 2.746103056332825920e-01 2.420584134776286866e-01 -7.088000828650827811e-01 5.585945097791011893e-01
-8.827951292170506392e-02 2.809055757463810865e-01 2.275898047397681978e-01 -7.100107895134672997e-01 5.495462479477668527e-01
-9.049022753513477624e-02 2.872008458594796365e-01 2.131211960019077090e-01 -7.112214961618519293e-01 5.404979861164327382e-01
-9.270094214856447468e-02 2.934961159725781310e-01 1.986525872640472201e-01 -7.124322028102365589e-01 5.314497242850984016e-01
-9.491165676199418699e-02 2.997913860856766255e-01 1.841839785261867313e-01 -7.136429094586210775e-01 5.224014624537641760e-01
-9.712237137542389931e-02 3.060866561987751755e-01 1.697153697883262424e-01 -7.148536161070057071e-01 5.133532006224299504e-01
-9.712237137542389931e-02 3.060866561987751755e-01 1.697153697883262424e-01 -7.148536161070057071e-01 5.133532006224299504e-01
-9.130261193329047842e-02 3.183029913559725643e-01 1.612211396763909010e-01 -7.158904028037040845e-01 5.081370033380767648e-01
-8.548285249115705753e-02 3.305193265131699532e-01 1.527269095644555319e-01 -7.169271895004025730e-01 5.029208060537235792e-01
-7.966309304902363664e-02 3.427356616703672865e-01 1.442326794525201905e-01 -7.179639761971010614e-01 4.977046087693703380e-01
-7.384333360689021575e-02 3.549519968275646753e-01 1.357384493405848214e-01 -7.190007628937994388e-01 4.924884114850171524e-01
-6.802357416475679486e-02 3.671683319847620641e-01 1.272442192286494800e-01 -7.200375495904978163e-01 4.872722142006639112e-01
-6.220381472262337397e-02 3.793846671419594530e-01 1.187499891167141386e-01 -7.210743362871963047e-01 4.820560169163107256e-01
-5.638405528048995308e-02 3.916010022991568418e-01 1.102557590047787833e-01 -7.221111229838947931e-01 4.768398196319575399e-01
-5.056429583835653219e-02 4.038173374563541751e-01 1.017615288928434281e-01 -7.231479096805931706e-01 4.716236223476043543e-01
-4.474453639622311130e-02 4.160336726135515639e-01 9.326729878090807280e-02 -7.241846963772915480e-01 4.664074250632511132e-01
-3.892477695408969041e-02 4.282500077707489528e-01 8.477306866897271753e-02 -7.252214830739900364e-01 4.611912277788979275e-01
-3.310501751195626952e-02 4.404663429279463416e-01 7.627883855703737614e-02 -7.262582697706885249e-01 4.559750304945446864e-01
-2.728525806982284863e-02 4.526826780851437304e-01 6.778460844510202088e-02 -7.272950564673869023e-01 4.507588332101915007e-01
-2.146549862768942774e-02 4.648990132423410637e-01 5.929037833316666561e-02 -7.283318431640852797e-01 4.455426359258383151e-01
-1.564573918555600684e-02 4.771153483995385081e-01 5.079614822123132423e-02 -7.293686298607837681e-01 4.403264386414851295e-01
-9.825979743422585955e-03 4.893316835567358414e-01 4.230191810929595508e-02 -7.304054165574822566e-01 4.351102413571318883e-01
-4.006220301289165064e-03 5.015480187139331747e-01 3.380768799736061370e-02 -7.314422032541806340e-01 4.298940440727787027e-01
1.813539140844255826e-03 5.137643538711306190e-01 2.531345788542527231e-02 -7.324789899508790114e-01 4.246778467884255170e-01
7.633298582977676716e-03 5.259806890283279524e-01 1.681922777348990317e-02 -7.335157766475774999e-01 4.194616495040722759e-01
1.345305802511109761e-02 5.381970241855253967e-01 8.324997661554561779e-03 -7.345525633442759883e-01 4.142454522197190903e-01
1.927281746724451850e-02 5.504133593427227300e-01 -1.692324503808073644e-04 -7.355893500409743657e-01 4.090292549353659046e-01
2.509257690937793939e-02 5.626296944999200633e-01 -8.663462562316148752e-03 -7.366261367376727431e-01 4.038130576510127190e-01
3.091233635151136028e-02 5.748460296571175077e-01 -1.715769267425149014e-02 -7.376629234343712316e-01 3.985968603666594778e-01
3.673209579364478117e-02 5.870623648143149520e-01 -2.565192278618685928e-02 -7.386997101310697200e-01 3.933806630823062922e-01
4.255185523577820206e-02 5.992786999715122853e-01 -3.414615289812220067e-02 -7.397364968277680974e-01 3.881644657979530511e-01
4.837161467791162295e-02 6.114950351287096186e-01 -4.264038301005754206e-02 -7.407732835244664749e-01 3.829482685135998654e-01
5.419137412004504384e-02 6.237113702859069519e-01 -5.113461312199291120e-02 -7.418100702211649633e-01 3.777320712292466798e-01
6.001113356217846473e-02 6.359277054431043963e-01 -5.962884323392825259e-02 -7.428468569178634517e-01 3.725158739448934941e-01
6.583089300431188562e-02 6.481440406003018406e-01 -6.812307334586359397e-02 -7.438836436145618292e-01 3.672996766605402530e-01
7.165065244644530651e-02 6.603603757574991739e-01 -7.661730345779896312e-02 -7.449204303112602066e-01 3.620834793761870674e-01
7.747041188857872740e-02 6.725767109146965073e-01 -8.511153356973433226e-02 -7.459572170079586950e-01 3.568672820918338262e-01
8.329017133071214829e-02 6.847930460718938406e-01 -9.360576368166967365e-02 -7.469940037046571835e-01 3.516510848074806406e-01
8.910993077284556918e-02 6.970093812290912849e-01 -1.020999937936050150e-01 -7.480307904013555609e-01 3.464348875231274549e-01
9.492969021497899007e-02 7.092257163862887293e-01 -1.105942239055403564e-01 -7.490675770980539383e-01 3.412186902387742693e-01
1.007494496571124110e-01 7.214420515434860626e-01 -1.190884540174756978e-01 -7.501043637947524267e-01 3.360024929544210837e-01
1.065692090992458319e-01 7.336583867006833959e-01 -1.275826841294110947e-01 -7.511411504914509152e-01 3.307862956700678425e-01
1.123889685413792527e-01 7.458747218578807292e-01 -1.360769142413464361e-01 -7.521779371881492926e-01 3.255700983857146569e-01
1.182087279835126736e-01 7.580910570150781735e-01 -1.445711443532817775e-01 -7.532147238848476700e-01 3.203539011013614157e-01
1.240284874256460945e-01 7.703073921722756179e-01 -1.530653744652171189e-01 -7.542515105815461585e-01 3.151377038170082301e-01
1.298482468677795154e-01 7.825237273294729512e-01 -1.615596045771524603e-01 -7.552882972782446469e-01 3.099215065326550445e-01
1.356680063099129363e-01 7.947400624866702845e-01 -1.700538346890878572e-01 -7.563250839749430243e-01 3.047053092483018588e-01
1.414877657520463572e-01 8.069563976438677289e-01 -1.785480648010231985e-01 -7.573618706716414017e-01 2.994891119639486177e-01
1.473075251941797781e-01 8.191727328010650622e-01 -1.870422949129585399e-01 -7.583986573683398902e-01 2.942729146795954320e-01
1.531272846363131990e-01 8.313890679582623955e-01 -1.955365250248938813e-01 -7.594354440650383786e-01 2.890567173952421909e-01
1.589470440784466199e-01 8.436054031154598398e-01 -2.040307551368292227e-01 -7.604722307617367560e-01 2.838405201108890052e-01
1.647668035205800408e-01 8.558217382726571731e-01 -2.125249852487645641e-01 -7.615090174584351335e-01 2.786243228265358196e-01
1.705865629627134616e-01 8.680380734298546175e-01 -2.210192153606999610e-01 -7.625458041551336219e-01 2.734081255421826340e-01
1.764063224048468825e-01 8.802544085870519508e-01 -2.295134454726353024e-01 -7.635825908518321103e-01 2.681919282578294483e-01
1.822260818469803034e-01 8.924707437442493951e-01 -2.380076755845706438e-01 -7.646193775485304878e-01 2.629757309734762072e-01
1.880458412891137243e-01 9.046870789014467285e-01 -2.465019056965059852e-01 -7.656561642452288652e-01 2.577595336891230215e-01
1.938656007312471452e-01 9.169034140586440618e-01 -2.549961358084413821e-01 -7.666929509419273536e-01 2.525433364047697804e-01
1.938656007312471452e-01 9.169034140586440618e-01 -2.549961358084413821e-01 -7.666929509419273536e-01 2.525433364047697804e-01
1.906865016637016574e-01 9.171834946496493224e-01 -2.663188043207610489e-01 -7.623891503255690871e-01 2.542230671520629426e-01
1.875074025961561974e-01 9.174635752406545830e-01 -2.776414728330807158e-01 -7.580853497092108206e-01 2.559027978993561603e-01
1.843283035286107097e-01 9.177436558316597326e-01 -2.889641413454003827e-01 -7.537815490928525541e-01 2.575825286466493225e-01
1.811492044610652496e-01 9.180237364226649932e-01 -3.002868098577200495e-01 -7.494777484764942876e-01 2.592622593939425402e-01
1.779701053935197619e-01 9.183038170136702538e-01 -3.116094783700397164e-01 -7.451739478601361322e-01 2.609419901412357023e-01
1.747910063259742741e-01 9.185838976046755144e-01 -3.229321468823593833e-01 -7.408701472437778657e-01 2.626217208885289200e-01
1.716119072584288141e-01 9.188639781956806640e-01 -3.342548153946790501e-01 -7.365663466274195992e-01 2.643014516358220822e-01
1.684328081908833263e-01 9.191440587866859246e-01 -3.455774839069987170e-01 -7.322625460110613327e-01 2.659811823831152999e-01
1.652537091233378663e-01 9.194241393776911853e-01 -3.569001524193183839e-01 -7.279587453947030662e-01 2.676609131304084621e-01
1.620746100557923786e-01 9.197042199686964459e-01 -3.682228209316380507e-01 -7.236549447783447997e-01 2.693406438777016243e-01
1.588955109882468908e-01 9.199843005597015955e-01 -3.795454894439577176e-01 -7.193511441619865332e-01 2.710203746249948420e-01
1.557164119207014308e-01 9.202643811507068561e-01 -3.908681579562773845e-01 -7.150473435456282667e-01 2.727001053722880042e-01
1.525373128531559430e-01 9.205444617417121167e-01 -4.021908264685970513e-01 -7.107435429292701112e-01 2.743798361195812219e-01
1.493582137856104830e-01 9.208245423327173773e-01 -4.135134949809167182e-01 -7.064397423129118447e-01 2.760595668668743841e-01
1.461791147180649952e-01 9.211046229237225269e-01 -4.248361634932363851e-01 -7.021359416965535782e-01 2.777392976141676018e-01
1.430000156505195075e-01 9.213847035147277875e-01 -4.361588320055560519e-01 -6.978321410801953117e-01 2.794190283614607639e-01
1.398209165829740475e-01 9.216647841057330481e-01 -4.474815005178757188e-01 -6.935283404638370452e-01 2.810987591087539261e-01
1.366418175154285597e-01 9.219448646967383088e-01 -4.588041690301953857e-01 -6.892245398474787788e-01 2.827784898560471438e-01
1.334627184478830997e-01 9.222249452877434583e-01 -4.701268375425150525e-01 -6.849207392311205123e-01 2.844582206033403060e-01
1.302836193803376119e-01 9.225050258787487190e-01 -4.814495060548347194e-01 -6.806169386147622458e-01 2.861379513506335237e-01
1.271045203127921241e-01 9.227851064697539796e-01 -4.927721745671543863e-01 -6.763131379984039793e-01 2.878176820979266859e-01
1.239254212452466641e-01 9.230651870607592402e-01 -5.040948430794740531e-01 -6.720093373820458238e-01 2.894974128452199036e-01
1.207463221777011902e-01 9.233452676517643898e-01 -5.154175115917938310e-01 -6.677055367656875573e-01 2.911771435925130658e-01
1.175672231101557164e-01 9.236253482427696504e-01 -5.267401801041133869e-01 -6.634017361493292908e-01 2.928568743398062835e-01
1.143881240426102286e-01 9.239054288337749110e-01 -5.380628486164331648e-01 -6.590979355329710243e-01 2.945366050870994457e-01
1.112090249750647547e-01 9.241855094247801716e-01 -5.493855171287527206e-01 -6.547941349166127578e-01 2.962163358343926634e-01
1.080299259075192808e-01 9.244655900157854322e-01 -5.607081856410724985e-01 -6.504903343002544913e-01 2.978960665816858255e-01
1.048508268399738069e-01 9.247456706067905818e-01 -5.720308541533920543e-01 -6.461865336838962248e-01 2.995757973289789877e-01
1.016717277724283330e-01 9.250257511977958425e-01 -5.833535226657118322e-01 -6.418827330675379583e-01 3.012555280762722054e-01
9.849262870488284527e-02 9.253058317888011031e-01 -5.946761911780313881e-01 -6.375789324511798029e-01 3.029352588235653676e-01
9.531352963733737138e-02 9.255859123798063637e-01 -6.059988596903511660e-01 -6.332751318348215364e-01 3.046149895708585853e-01
9.213443056979189749e-02 9.258659929708115133e-01 -6.173215282026707218e-01 -6.289713312184632699e-01 3.062947203181517475e-01
8.895533150224642360e-02 9.261460735618167739e-01 -6.286441967149904997e-01 -6.246675306021050034e-01 3.079744510654449652e-01
8.577623243470094971e-02 9.264261541528220345e-01 -6.399668652273100555e-01 -6.203637299857467369e-01 3.096541818127381274e-01
8.259713336715546195e-02 9.267062347438272951e-01 -6.512895337396298334e-01 -6.160599293693884704e-01 3.113339125600312896e-01
7.941803429960998806e-02 9.269863153348324447e-01 -6.626122022519493893e-01 -6.117561287530302039e-01 3.130136433073245072e-01
7.623893523206451417e-02 9.272663959258377053e-01 -6.739348707642691672e-01 -6.074523281366719374e-01 3.146933740546176694e-01
7.305983616451904028e-02 9.275464765168429659e-01 -6.852575392765887230e-01 -6.031485275203136709e-01 3.163731048019108871e-01
6.988073709697356639e-02 9.278265571078482266e-01 -6.965802077889085009e-01 -5.988447269039554044e-01 3.180528355492040493e-01
6.670163802942807862e-02 9.281066376988533762e-01 -7.079028763012280567e-01 -5.945409262875972489e-01 3.197325662964972670e-01
6.352253896188261861e-02 9.283867182898586368e-01 -7.192255448135478346e-01 -5.902371256712389824e-01 3.214122970437904292e-01
6.034343989433713085e-02 9.286667988808638974e-01 -7.305482133258673905e-01 -5.859333250548807159e-01 3.230920277910835914e-01
5.716434082679164308e-02 9.289468794718691580e-01 -7.418708818381871684e-01 -5.816295244385224494e-01 3.247717585383768091e-01
5.398524175924618307e-02 9.292269600628743076e-01 -7.531935503505067242e-01 -5.773257238221641829e-01 3.264514892856700268e-01
5.080614269170069530e-02 9.295070406538795682e-01 -7.645162188628265021e-01 -5.730219232058059164e-01 3.281312200329631890e-01
4.762704362415523529e-02 9.297871212448848288e-01 -7.758388873751461690e-01 -5.687181225894477610e-01 3.298109507802563511e-01
4.444794455660974752e-02 9.300672018358900894e-01 -7.871615558874658358e-01 -5.644143219730894945e-01 3.314906815275495688e-01
4.126884548906428751e-02 9.303472824268952390e-01 -7.984842243997855027e-01 -5.601105213567312280e-01 3.331704122748427310e-01
3.808974642151879975e-02 9.306273630179004996e-01 -8.098068929121051696e-01 -5.558067207403729615e-01 3.348501430221359487e-01
3.491064735397331198e-02 9.309074436089057603e-01 -8.211295614244248364e-01 -5.515029201240146950e-01 3.365298737694291109e-01
3.491064735397331198e-02 9.309074436089057603e-01 -8.211295614244248364e-01 -5.515029201240146950e-01 3.365298737694291109e-01
3.421243440689384491e-02 9.332332457606595799e-01 -8.308869089758512683e-01 -5.666528005014493941e-01 3.297992762940405442e-01
3.351422145981437783e-02 9.355590479124133996e-01 -8.406442565272777001e-01 -5.818026808788839821e-01 3.230686788186519220e-01
3.281600851273491076e-02 9.378848500641672192e-01 -8.504016040787041320e-01 -5.969525612563186812e-01 3.163380813432633554e-01
3.211779556565544369e-02 9.402106522159211499e-01 -8.601589516301306748e-01 -6.121024416337532692e-01 3.096074838678747887e-01
3.141958261857598356e-02 9.425364543676749696e-01 -8.699162991815571067e-01 -6.272523220111879683e-01 3.028768863924862220e-01
3.072136967149651648e-02 9.448622565194287892e-01 -8.796736467329835385e-01 -6.424022023886225563e-01 2.961462889170975998e-01
3.002315672441704941e-02 9.471880586711826089e-01 -8.894309942844099703e-01 -6.575520827660572554e-01 2.894156914417090332e-01
2.932494377733758234e-02 9.495138608229364285e-01 -8.991883418358364022e-01 -6.727019631434918434e-01 2.826850939663204665e-01
2.862673083025811527e-02 9.518396629746902482e-01 -9.089456893872628340e-01 -6.878518435209265425e-01 2.759544964909318443e-01
2.792851788317864820e-02 9.541654651264441789e-01 -9.187030369386892659e-01 -7.030017238983612415e-01 2.692238990155432776e-01
2.723030493609918459e-02 9.564912672781979985e-01 -9.284603844901158087e-01 -7.181516042757958296e-01 2.624933015401547109e-01
2.653209198901971752e-02 9.588170694299518182e-01 -9.382177320415422406e-01 -7.333014846532305286e-01 2.557627040647660888e-01
2.583387904194025045e-02 9.611428715817056379e-01 -9.479750795929686724e-01 -7.484513650306651167e-01 2.490321065893775221e-01
2.513566609486078685e-02 9.634686737334594575e-01 -9.577324271443951043e-01 -7.636012454080998157e-01 2.423015091139889554e-01
2.443745314778131977e-02 9.657944758852132772e-01 -9.674897746958215361e-01 -7.787511257855344038e-01 2.355709116386003887e-01
2.373924020070185270e-02 9.681202780369672078e-01 -9.772471222472479679e-01 -7.939010061629691029e-01 2.288403141632117943e-01
2.304102725362238563e-02 9.704460801887210275e-01 -9.870044697986743998e-01 -8.090508865404038019e-01 2.221097166878231999e-01
2.234281430654291856e-02 9.727718823404748472e-01 -9.967618173501009426e-01 -8.242007669178383900e-01 2.153791192124346332e-01
2.164460135946345495e-02 9.750976844922286668e-01 -1.006519164901527263e+00 -8.393506472952729780e-01 2.086485217370460388e-01
2.094638841238398788e-02 9.774234866439824865e-01 -1.016276512452953806e+00 -8.545005276727076771e-01 2.019179242616574721e-01
2.024817546530452081e-02 9.797492887957363061e-01 -1.026033860004380127e+00 -8.696504080501423761e-01 1.951873267862688777e-01
1.954996251822505721e-02 9.820750909474902368e-01 -1.035791207555806670e+00 -8.848002884275769642e-01 1.884567293108803110e-01
1.885174957114559013e-02 9.844008930992440565e-01 -1.045548555107233213e+00 -8.999501688050116632e-01 1.817261318354917166e-01
1.815353662406612306e-02 9.867266952509978761e-01 -1.055305902658659534e+00 -9.151000491824463623e-01 1.749955343601031221e-01
1.745532367698665599e-02 9.890524974027516958e-01 -1.065063250210086077e+00 -9.302499295598809503e-01 1.682649368847145555e-01
1.675711072990718892e-02 9.913782995545055154e-01 -1.074820597761512397e+00 -9.453998099373155384e-01 1.615343394093259610e-01
1.605889778282772531e-02 9.937041017062593351e-01 -1.084577945312938940e+00 -9.605496903147502374e-01 1.548037419339373943e-01
1.536068483574825824e-02 9.960299038580131548e-01 -1.094335292864365261e+00 -9.756995706921849365e-01 1.480731444585487999e-01
1.466247188866879117e-02 9.983557060097670854e-01 -1.104092640415791804e+00 -9.908494510696195245e-01 1.413425469831602332e-01
1.396425894158932757e-02 1.000681508161520794e+00 -1.113849987967218347e+00 -1.005999331447054335e+00 1.346119495077716388e-01
1.326604599450986050e-02 1.003007310313274836e+00 -1.123607335518644668e+00 -1.021149211824488923e+00 1.278813520323830721e-01
1.256783304743039342e-02 1.005333112465028655e+00 -1.133364683070071210e+00 -1.036299092201923511e+00 1.211507545569944777e-01
1.186962010035092635e-02 1.007658914616782475e+00 -1.143122030621497531e+00 -1.051448972579358099e+00 1.144201570816058833e-01
1.117140715327145928e-02 1.009984716768536295e+00 -1.152879378172924074e+00 -1.066598852956792687e+00 1.076895596062173166e-01
1.047319420619199568e-02 1.012310518920290114e+00 -1.162636725724350395e+00 -1.081748733334227497e+00 1.009589621308287222e-01
9.774981259112528603e-03 1.014636321072043934e+00 -1.172394073275776938e+00 -1.096898613711662085e+00 9.422836465544015550e-02
9.076768312033061531e-03 1.016962123223797754e+00 -1.182151420827203481e+00 -1.112048494089096895e+00 8.749776718005156106e-02
8.378555364953597928e-03 1.019287925375551573e+00 -1.191908768378629802e+00 -1.127198374466531483e+00 8.076716970466296663e-02
7.680342417874130856e-03 1.021613727527305393e+00 -1.201666115930056344e+00 -1.142348254843966071e+00 7.403657222927439996e-02
6.982129470794663784e-03 1.023939529679059213e+00 -1.211423463481482665e+00 -1.157498135221400659e+00 6.730597475388583328e-02
6.283916523715196711e-03 1.026265331830813032e+00 -1.221180811032909208e+00 -1.172648015598835247e+00 6.057537727849721110e-02
5.585703576635729639e-03 1.028591133982566852e+00 -1.230938158584335529e+00 -1.187797895976270057e+00 5.384477980310864442e-02
4.887490629556266036e-03 1.030916936134320672e+00 -1.240695506135762072e+00 -1.202947776353704645e+00 4.711418232772007775e-02
4.189277682476798964e-03 1.033242738286074491e+00 -1.250452853687188615e+00 -1.218097656731139455e+00 4.038358485233151107e-02
3.491064735397335361e-03 1.035568540437828533e+00 -1.260210201238614935e+00 -1.233247537108574043e+00 3.365298737694288889e-02
2.792851788317868289e-03 1.037894342589582353e+00 -1.269967548790041478e+00 -1.248397417486008631e+00 2.692238990155432221e-02
2.094638841238401217e-03 1.040220144741336172e+00 -1.279724896341467799e+00 -1.263547297863443220e+00 2.019179242616575554e-02
1.396425894158934145e-03 1.042545946893089992e+00 -1.289482243892894342e+00 -1.278697178240877808e+00 1.346119495077713335e-02
6.982129470794670723e-04 1.044871749044843812e+00 -1.299239591444320663e+00 -1.293847058618312618e+00 6.730597475388566675e-03
